	7   	330 	1.0	1.0     1.0		0	    	2	         	0	      	0.00	        1		     0.0		     0	
	7   	330 	1.0	1.0     1.0		1	    	2	         	0	      	0.00	        1		     0.0		     0	
	7   	330 	0.7	0.7     0.7		2	    	66	         	-1		    1.0		         1		     2.0		    -1
 	7   	330 	1.0	1.0     1.0		3	    	66	         	4	      	1.00            -1		     0.0		     0 	

	8   	330 	1.0	1.0     1.0		0	    	2	         	0	      	0.00	        1		     0.0		     0	
	8   	330     0.7	0.7     0.7		1	    	66	         	-1		    1.0		         1		     2.0		    -1
 	8   	330 	1.0	1.0     1.0		2	    	66	         	4	      	1.00            -1		     0.0		     0 	

	9   	330 	1.0	1.0     1.0		0	    	2	         	0	      	0.00	        1		     0.0		     0	
	9   	330 	0.7	0.7     0.7		1	    	66	         	-1		    1.0		         1		     2.0		    -1
 	9   	330 	1.0	1.0     1.0		2	    	66	         	4	      	1.00            -1		     0.0		     0 	

	10   	330 	1.0	1.0     1.0		0	    	2	         	0	      	0.00	        1		     0.0		     0	
	10   	330 	0.7	0.7     0.7		1	    	66	         	-1		    1.0		         1		     2.0		    -1
 	10  	330 	1.0	1.0     1.0		2	    	66	         	4	      	1.00            -1		     0.0		     0 	

	11   	330 	1.0	1.0     1.0		0	    	2	         	0	      	0.00	        1		     0.0		     0	
	11   	330 	0.7	0.7     0.7		1	    	66	         	-1		    1.0		         1		     2.0		    -1
 	11  	330 	1.0	1.0     1.0		2	    	66	         	4	      	1.00            -1		     0.0		     0 	
