65							
1	7984.766	7873.669	169.5	0.0	0.0	99.0	0.8800001
15	7927.9634	7099.585	169.5	0.0	0.0	180.0	0.6800003
14	7932.178	7367.17	169.5	0.0	0.0	0.0	0.94000006
14	7923.062	6836.872	169.5	0.0	0.0	94.0	0.94000006
17	7950.6304	7050.131	169.5	0.0	0.0	0.0	0.8800001
14	7928.588	7663.4805	169.5	0.0	0.0	93.0	0.94000006
19	7991.2783	6930.8516	169.5	0.0	0.0	40.0	1.0
17	7913.0527	7310.546	169.5	0.0	0.0	0.0	0.52000046
32	7953.6235	7375.0693	169.5	0.0	0.0	91.0	0.93000007
32	7953.145	7107.789	168.5	0.0	0.0	89.0	0.93000007
33	7988.219	7669.503	169.5	0.0	0.0	92.0	0.86000013
17	7946.455	7288.628	169.5	0.0	0.0	0.0	0.52000046
34	7813.184	6472.371	169.5	0.0	0.0	0.0	1.0
34	7720.4893	7253.2	169.5	0.0	0.0	0.0	1.0
2	7982.2183	7603.707	169.5	40.0	92.0	39.0	1.4599996
2	7984.99	7617.3613	169.5	39.0	70.0	42.0	1.4599996
2	7970.3667	6858.0283	169.5	40.0	92.0	39.0	1.4599996
2	7984.2617	6856.2686	169.5	40.0	70.0	44.0	1.4599996
34	7728.406	7919.1875	169.5	0.0	0.0	0.0	1.0
14	7831.193	8075.1465	169.5	0.0	0.0	113.0	0.94000006
1	7984.766	12773.669	168.50008	0.0	0.0	99.0	0.8800001
15	7927.9634	11999.585	169.50008	0.0	0.0	180.0	0.6800003
14	7932.178	12267.17	204.5	0.0	0.0	0.0	0.94000006
14	7923.062	11736.872	204.49998	0.0	0.0	94.0	0.94000006
17	7950.6304	11950.131	169.49992	0.0	0.0	0.0	0.8800001
14	7928.588	12563.48	197.49997	0.0	0.0	93.0	0.94000006
16	7848.55	11329.154	205.49997	0.0	0.0	-117.0	0.94000006
19	7991.2783	11830.852	169.49998	0.0	0.0	40.0	1.0
11	7925.449	11230.716	169.50005	0.0	0.0	-33.0	1.0
17	7913.0527	12210.546	169.49986	0.0	0.0	0.0	0.52000046
32	7953.6235	12275.069	169.5001	0.0	0.0	91.0	0.93000007
32	7953.145	12007.789	168.50005	0.0	0.0	89.0	0.93000007
33	7988.219	12569.503	189.70053	0.0	0.0	92.0	0.86000013
17	7946.455	12188.628	169.49985	0.0	0.0	0.0	0.52000046
34	7813.184	11372.371	348.28372	0.0	0.0	0.0	1.0
34	7720.4893	12153.2	373.82233	0.0	0.0	0.0	1.0
2	7982.2183	12503.707	289.50003	40.0	92.0	39.0	1.4599996
2	7984.99	12517.361	339.49997	39.0	70.0	42.0	1.4599996
2	7970.3667	11758.028	284.02734	40.0	92.0	39.0	1.4599996
2	7984.2617	11756.269	339.49997	40.0	70.0	44.0	1.4599996
14	7831.193	12975.146	204.49998	0.0	0.0	113.0	0.94000006
11	7898.329	13116.707	169.49994	0.0	0.0	30.0	1.0
34	7728.406	12819.1875	373.82242	0.0	0.0	0.0	1.0
1	9048.181	5431.7705	169.5	0.0	0.0	183.0	0.8800001
32	9587.113	5361.634	169.5	0.0	0.0	181.0	0.93000007
9	9566.992	5517.546	169.5	0.0	0.0	0.0	1.0
16	9251.422	5607.132	169.5	0.0	0.0	169.0	0.86000013
14	9352.453	5236.1904	184.5	-90.0	0.0	-9.0	0.74000025
14	8997.596	5312.8105	179.5	-90.0	0.0	-14.0	0.74000025
14	9299.604	5262.0996	169.5	0.0	0.0	-8.0	0.8200002
9	9123.52	5587.6025	169.5	0.0	0.0	-10.0	1.0
4	9572.705	5649.9746	169.5	0.0	0.0	180.0	1.1599998
14	8661.785	5423.0244	174.5	-90.0	0.0	-22.0	0.74000025
16	8871.074	5719.8877	169.5	0.0	0.0	339.0	0.86000013
14	8920.734	5337.203	169.5	0.0	0.0	-14.0	0.8200002
21	9435.637	5412.3506	169.5	0.0	0.0	82.0	0.7600002
4	9083.898	5692.1885	169.5	0.0	0.0	168.0	1.1599998
21	8670.285	5591.9004	169.5	0.0	0.0	71.0	0.94000006
17	8704.035	5780.1787	169.5	0.0	0.0	0.0	0.8800001
17	8591.122	5425.083	169.5	0.0	0.0	0.0	0.8800001
10	8485.808	5975.8193	169.5	2.0	0.0	135.0	1.4199996
9	8323.398	6195.8164	169.5	0.0	0.0	300.0	1.3999996
23	9462.505	5441.785	244.5	0.0	0.0	0.0	0.9000001
34	9036.278	5527.633	169.5	0.0	0.0	0.0	1.0
34	8583.875	5759.5674	169.5	0.0	0.0	0.0	1.0
36	9468.055	5437.4062	274.5	0.0	0.0	0.0	0.6800003
24	8791.519	5893.2603	204.49997	0.0	0.0	110.0	0.7000003
24	8535.457	6130.767	209.50008	0.0	0.0	150.0	0.8000002
17	9277.177	5892.033	169.5	24.0	0.0	-10.0	0.9200001
6	8333.743	6197.6953	169.5	0.0	0.0	-52.0	1.1799998
17	8676.686	6343.5303	169.5	-10.0	0.0	65.0	0.9200001
1	8386.66	5861.7314	166.49994	0.0	0.0	143.0	0.8800001
14	8452.507	5929.499	169.49995	0.0	0.0	-36.0	0.8200002
14	8202.176	6174.514	169.49985	0.0	0.0	-52.0	0.8200002
17	8892.143	6013.554	169.50006	-10.0	0.0	65.0	0.9200001
4	8911.384	5898.5947	89.50015	0.0	0.0	142.0	1.2999997
4	8844.802	5816.4883	89.50011	0.0	0.0	-38.0	1.2999997
36	8910.339	6060.3853	399.50003	0.0	0.0	0.0	0.86000013
23	8908.334	6063.176	369.5	0.0	0.0	14.0	0.96000004
23	8703.132	6358.8687	369.49997	0.0	0.0	0.0	0.96000004
36	8700.587	6362.0605	399.50006	0.0	0.0	0.0	0.9200001
33	8840.586	5738.021	206.50003	11.0	72.0	412.0	0.86000013
33	8536.615	5963.256	206.50009	11.0	72.0	432.0	0.86000013
33	9218.658	5518.431	206.50005	11.0	72.0	432.0	0.86000013
35	9250.0	5650.0	169.50002	0.0	0.0	0.0	1.0
35	9250.0	5650.0	169.49998	0.0	0.0	0.0	1.0
21	8178.625	7226.4473	169.5	0.0	0.0	90.0	1.0
17	8165.177	7028.45	169.5	0.0	0.0	0.0	0.7800002
17	8173.386	7424.626	169.5	0.0	0.0	0.0	0.7800002
11	8040.7773	6634.506	169.5	0.0	0.0	0.0	1.0
17	8162.335	6630.133	169.5	0.0	0.0	0.0	0.62000036
17	8035.3535	7313.2676	169.5	0.0	0.0	0.0	0.52000046
11	8016.605	7864.1797	169.5	0.0	0.0	0.0	1.0
17	8165.387	7856.419	169.5	0.0	0.0	0.0	0.62000036
10	8206.633	6452.002	169.5	0.0	0.0	110.0	1.4199996
20	8183.5723	6737.574	169.5	0.0	0.0	150.0	1.0
33	8112.649	7791.3574	169.5	0.0	0.0	12.0	0.86000013
9	8062.5894	7650.665	169.5	0.0	0.0	89.0	1.6799994
33	8116.7666	7229.675	169.5	0.0	0.0	92.0	0.86000013
33	8191.228	7188.91	169.5	0.0	0.0	92.0	0.86000013
33	8188.7236	7217.864	277.5	-95.0	0.0	270.0	0.86000013
33	8210.535	7223.6987	229.49998	-95.0	0.0	270.0	0.98
36	8222.295	7358.4062	319.5	0.0	0.0	0.0	1.1799998
23	8231.0	7354.623	289.5	0.0	0.0	0.0	1.1399999
23	8220.855	7106.246	294.5	0.0	0.0	0.0	1.1399999
36	8213.65	7113.467	314.5	0.0	0.0	0.0	1.1799998
4	8466.558	7608.1396	169.5	0.0	0.0	90.0	1.2999997
4	8456.483	6861.1973	169.5	0.0	0.0	95.0	1.2999997
36	8562.99	7600.0938	314.5	0.0	0.0	0.0	0.84000015
36	8546.067	6868.677	304.5	0.0	0.0	0.0	0.8200002
36	8546.067	6868.677	389.5	0.0	0.0	0.0	1.0
36	8565.915	7596.7646	394.5	0.0	0.0	0.0	1.0
7	8233.238	7497.74	169.5	0.0	0.0	-271.0	1.0
7	8200.952	7690.092	169.5	0.0	0.0	-271.0	1.0
7	8203.366	6934.6484	169.5	0.0	0.0	-271.0	1.0
5	8465.907	6766.1543	169.5	0.0	0.0	91.0	1.0999999
6	8464.061	6681.288	169.5	0.0	0.0	1.0	1.0
5	8460.659	7723.135	169.5	0.0	0.0	91.0	1.0999999
5	8463.286	7820.796	169.5	0.0	0.0	91.0	0.98
34	8523.849	6749.84	169.5	0.0	0.0	0.0	1.0
34	8499.116	7700.176	169.5	0.0	0.0	0.0	1.0
24	8332.482	6622.6855	214.5	0.0	0.0	-10.0	0.6800003
24	8249.593	7527.2744	169.5	0.0	0.0	130.0	0.6800003
36	8373.988	7963.0146	389.5	0.0	0.0	0.0	1.0
9	8110.047	7978.4077	64.5	0.0	0.0	9.0	1.5599995
20	8451.118	7919.194	169.5	0.0	0.0	150.0	1.0
1	8043.191	6567.174	169.50009	0.0	0.0	119.0	0.8800001
24	8326.996	6425.6016	224.50003	0.0	0.0	30.0	1.0
33	9592.453	6471.604	172.50009	-90.0	0.0	546.0	0.42000043
14	8046.138	6500.6113	169.49983	0.0	0.0	-77.0	0.8200002
33	8543.836	6772.4517	171.50014	11.0	0.0	452.0	0.86000013
33	8537.712	7677.0815	171.50012	11.0	0.0	452.0	0.86000013
1	9029.29	8933.748	169.5	0.0	0.0	29.0	0.8800001
1	8310.961	8533.295	169.5	0.0	0.0	59.0	0.8800001
0	9571.83	8996.583	169.5	0.0	0.0	0.0	0.8800001
33	8081.5693	8082.6963	169.5	0.0	0.0	62.0	1.06
9	8005.3213	8009.7725	169.5	0.0	0.0	99.0	1.6799994
12	9450.383	8787.241	169.5	0.0	0.0	90.0	1.04
5	9467.703	8653.034	169.5	0.0	0.0	2.0	1.0
12	8205.828	8071.996	169.5	0.0	0.0	148.0	1.04
4	8301.006	8011.2617	169.5	0.0	0.0	59.0	1.0
14	9214.492	8739.35	169.5	0.0	0.0	10.0	0.84000015
14	8842.69	8638.424	169.5	0.0	0.0	20.0	0.84000015
14	8517.724	8446.609	169.5	0.0	0.0	40.0	0.84000015
14	8289.559	8218.444	169.5	0.0	0.0	50.0	0.84000015
5	9389.225	8840.591	169.5	0.0	0.0	2.0	1.0
5	8195.736	8143.927	169.5	0.0	0.0	57.0	1.0
17	9535.244	8881.61	169.5	0.0	0.0	0.0	0.7800002
9	9333.171	8683.165	169.49998	0.0	0.0	5.0	1.2399998
9	9109.226	8652.6045	169.5	0.0	0.0	10.0	1.2399998
8	8895.428	8593.139	169.49998	0.0	0.0	19.0	1.3399997
8	8654.747	8470.711	154.49995	0.0	0.0	39.0	1.3399997
10	8474.362	8304.786	175.49997	0.0	0.0	45.0	1.2399998
8	8326.496	8134.6836	169.50002	0.0	0.0	56.0	1.3399997
33	9296.162	8712.494	169.49995	0.0	0.0	4.0	0.8000002
33	9116.175	8681.239	141.49995	0.0	0.0	11.0	0.8000002
33	8889.727	8611.934	169.49998	0.0	0.0	20.0	0.8000002
33	8659.046	8485.686	169.49997	0.0	0.0	40.0	0.8000002
33	8459.898	8328.042	169.5	0.0	0.0	40.0	0.8000002
33	8304.941	8175.6426	169.49997	0.0	0.0	50.0	0.8000002
34	9089.265	8750.277	169.5	0.0	0.0	0.0	1.0
34	8537.553	8551.796	169.5	0.0	0.0	0.0	1.0
34	9599.62	8544.5205	169.5	0.0	0.0	0.0	1.0
36	9471.196	8578.89	329.5	0.0	0.0	0.0	1.0
24	8456.374	8096.552	194.49995	0.0	30.0	-33.0	0.6800003
24	8561.812	8246.128	199.50005	-6.0	30.0	-52.0	0.6800003
24	8742.802	8393.659	199.5	-2.0	30.0	-54.0	0.6000004
24	8965.164	8511.965	194.5	0.0	30.0	-66.0	0.6800003
24	9177.484	8578.288	197.5	0.0	30.0	-75.0	0.5600004
24	9394.005	8619.779	207.50002	0.0	30.0	-90.0	0.5600004
24	9593.275	8604.476	169.5	1.0	26.0	-95.0	0.3300005
12	9479.694	8954.415	169.50006	0.0	0.0	40.0	1.3599997
17	8561.941	8124.9717	134.50006	-30.0	0.0	40.0	0.9200001
20	8872.947	8395.891	159.49995	0.0	0.0	70.0	1.0
17	9250.668	8541.417	169.50009	0.0	0.0	0.0	0.9200001
33	9056.917	8495.74	172.49998	-90.0	0.0	201.0	0.8000002
33	8672.927	8289.288	172.50005	-90.0	0.0	221.0	0.8000002
33	9420.1455	8572.588	172.49997	-90.0	0.0	181.0	0.8000002
1	8384.238	10761.166	167.50003	0.0	0.0	143.0	0.8800001
1	9048.181	10331.7705	168.50017	0.0	0.0	183.0	0.8800001
32	9587.113	10261.634	169.50014	0.0	0.0	181.0	0.93000007
9	9566.992	10417.546	169.50005	0.0	0.0	0.0	1.0
16	9251.422	10507.132	205.49994	0.0	0.0	169.0	0.86000013
14	9352.453	10136.19	179.50003	-90.0	0.0	-9.0	0.74000025
14	8997.596	10212.811	179.49998	-90.0	0.0	-14.0	0.74000025
14	9299.604	10162.1	199.49992	0.0	0.0	-8.0	0.8200002
9	9123.52	10487.603	169.49995	0.0	0.0	-10.0	1.0
4	9572.705	10549.975	169.49995	0.0	0.0	180.0	1.1599998
14	8661.785	10323.024	179.49988	-90.0	0.0	-22.0	0.74000025
16	8871.074	10619.888	205.49991	0.0	0.0	339.0	0.86000013
14	8920.734	10237.203	199.4999	0.0	0.0	-14.0	0.8200002
21	9435.637	10312.351	179.50002	0.0	0.0	82.0	0.7600002
4	9083.898	10592.188	169.49997	0.0	0.0	168.0	1.1599998
21	8670.285	10491.9	179.5001	0.0	0.0	71.0	0.94000006
17	8704.035	10680.179	140.77864	0.0	0.0	0.0	0.8800001
17	8591.122	10325.083	129.11522	0.0	0.0	0.0	0.8800001
10	8485.808	10875.819	206.73862	11.0	0.0	128.0	1.4199996
9	8323.398	11095.816	179.82605	0.0	0.0	300.0	1.3999996
23	9462.505	10341.785	259.49997	0.0	0.0	0.0	0.9000001
34	9036.278	10427.633	359.50006	0.0	0.0	0.0	1.0
34	8583.875	10659.567	484.23962	0.0	0.0	0.0	1.0
36	9468.055	10337.406	294.5244	0.0	0.0	0.0	0.6800003
24	8675.459	10872.867	198.21875	0.0	0.0	110.0	0.7000003
24	8618.096	10957.174	232.30887	0.0	0.0	150.0	0.8000002
17	9277.177	10792.033	153.37538	24.0	0.0	-10.0	0.9200001
20	8907.156	11005.954	165.02972	0.0	0.0	200.0	1.1399999
18	8561.151	10704.852	221.52332	-87.0	0.0	-40.0	1.0
6	8333.743	11097.695	200.3047	0.0	0.0	-52.0	1.1799998
1	8039.0303	11467.584	169.50006	0.0	0.0	119.0	0.8800001
21	8178.625	12126.447	199.50018	0.0	0.0	90.0	1.0
17	8165.177	11928.45	169.49994	0.0	0.0	0.0	0.7800002
17	8173.386	12324.626	169.49988	0.0	0.0	0.0	0.7800002
11	8040.7773	11534.506	169.5	0.0	0.0	0.0	1.0
17	8162.335	11530.133	169.49997	0.0	0.0	0.0	0.62000036
17	8035.3535	12213.268	169.49985	0.0	0.0	0.0	0.52000046
11	8016.605	12764.18	169.49991	0.0	0.0	0.0	1.0
17	8165.387	12756.419	169.49998	0.0	0.0	0.0	0.62000036
10	8206.633	11352.002	189.77986	0.0	0.0	110.0	1.4199996
20	8183.5723	11637.574	201.30272	0.0	0.0	150.0	1.0
33	8112.649	12691.357	184.70056	0.0	0.0	12.0	0.86000013
9	8062.5894	12550.665	169.49998	0.0	0.0	89.0	1.6799994
33	8116.7666	12129.675	184.70055	0.0	0.0	92.0	0.86000013
33	8191.228	12088.91	184.70058	0.0	0.0	92.0	0.86000013
33	8151.251	12119.525	211.70058	-95.0	0.0	270.0	0.86000013
33	8170.3535	12113.448	225.70052	-95.0	0.0	270.0	0.98
36	8222.295	12258.406	329.49982	0.0	0.0	0.0	1.1799998
23	8231.0	12254.623	299.5	0.0	0.0	0.0	1.1399999
23	8220.855	12006.246	299.49997	0.0	0.0	0.0	1.1399999
36	8213.65	12013.467	344.4998	0.0	0.0	0.0	1.1799998
4	8466.558	12508.14	154.50003	0.0	0.0	90.0	1.2999997
4	8456.483	11761.197	154.49997	0.0	0.0	95.0	1.2999997
36	8562.99	12500.094	424.49982	0.0	0.0	0.0	0.84000015
36	8546.067	11768.677	394.52438	0.0	0.0	0.0	0.8200002
36	8546.067	11768.677	319.5244	0.0	0.0	0.0	1.0
36	8565.915	12496.765	339.49988	0.0	0.0	0.0	1.0
7	8233.238	12397.74	184.5001	0.0	0.0	-271.0	1.0
7	8200.952	12590.092	184.50015	0.0	0.0	-271.0	1.0
7	8203.366	11834.648	186.15295	0.0	0.0	-271.0	1.0
5	8465.907	11666.154	169.0505	0.0	0.0	91.0	1.0999999
6	8464.061	11581.288	169.50002	0.0	0.0	1.0	1.0
5	8460.659	12623.135	169.05052	0.0	0.0	91.0	1.0999999
5	8463.286	12720.796	169.05049	0.0	0.0	91.0	0.98
34	8523.849	11649.84	359.92047	0.0	0.0	0.0	1.0
34	8499.116	12600.176	360.8179	0.0	0.0	0.0	1.0
24	8287.214	11358.11	199.56406	0.0	0.0	30.0	1.0
24	8332.482	11522.686	199.95384	0.0	0.0	-10.0	0.6800003
24	8451.938	11659.736	178.63571	0.0	0.0	60.0	0.98
24	8522.888	12578.474	237.53474	5.0	86.0	5.0	0.6800003
24	8501.776	11947.751	178.63574	0.0	0.0	50.0	0.6800003
24	8450.886	12327.9795	188.63573	0.0	0.0	80.0	0.6800003
24	8249.593	12427.274	203.63579	0.0	0.0	130.0	0.6800003
24	8661.035	11271.842	178.63567	0.0	0.0	60.0	0.98
24	9427.636	11748.028	178.63565	0.0	0.0	60.0	0.54000044
24	9332.479	11845.027	178.63564	0.0	0.0	20.0	0.7600002
24	9446.7	12077.374	173.63564	0.0	0.0	60.0	0.5800004
17	8676.686	11243.53	139.5	-10.0	0.0	65.0	0.9200001
24	8521.083	11700.15	237.53474	5.0	86.0	5.0	0.6800003
24	8504.762	11721.58	377.99594	15.0	96.0	15.0	0.48000047
1	9029.29	13833.748	169.50015	0.0	0.0	29.0	0.8800001
1	8310.961	13433.295	169.50005	0.0	0.0	59.0	0.8800001
0	9571.83	13896.583	169.49979	0.0	0.0	0.0	0.8800001
17	8018.1724	13174.259	169.49997	0.0	0.0	0.0	0.62000036
33	8081.5693	12982.696	184.70052	0.0	0.0	62.0	1.06
9	8005.3213	12909.772	169.49998	0.0	0.0	99.0	1.6799994
1	8267.819	13477.044	204.50002	0.0	0.0	59.0	0.9000001
1	8221.792	13518.7	244.50003	0.0	0.0	59.0	0.94000006
1	9001.015	13910.133	199.50017	0.0	0.0	29.0	0.94000006
1	8985.862	13945.711	241.50017	0.0	0.0	29.0	0.94000006
12	9450.383	13687.241	169.50005	0.0	0.0	90.0	1.04
12	9449.654	13921.414	169.50006	0.0	0.0	270.0	1.04
11	9439.694	14150.77	169.5	0.0	0.0	95.0	1.06
5	9467.703	13553.034	184.49998	0.0	0.0	2.0	1.0
12	8205.828	12971.996	169.5	0.0	0.0	148.0	1.04
4	8301.006	12911.262	184.50017	0.0	0.0	59.0	1.0
14	9214.492	13639.35	-25.499985	0.0	0.0	10.0	0.84000015
14	8842.69	13538.424	-25.499985	0.0	0.0	20.0	0.84000015
14	8517.724	13346.609	-25.499985	0.0	0.0	40.0	0.84000015
14	8289.559	13118.444	-25.499985	0.0	0.0	50.0	0.84000015
5	9389.225	13740.591	279.50003	0.0	0.0	2.0	1.0
5	8195.736	13043.927	279.5001	0.0	0.0	57.0	1.0
17	9535.244	13781.61	169.50002	0.0	0.0	0.0	0.7800002
9	9322.023	13604.384	274.5	0.0	0.0	1.0	1.2399998
9	9100.984	13578.53	274.49997	0.0	0.0	11.0	1.2399998
8	8859.511	13527.079	261.5	0.0	0.0	19.0	1.3399997
8	8637.295	13395.505	261.49994	0.0	0.0	36.0	1.3399997
10	8443.922	13231.353	264.50003	0.0	0.0	45.0	1.2399998
8	8297.312	13048.705	261.49997	0.0	0.0	56.0	1.3399997
11	9337.832	13917.825	279.50003	0.0	0.0	0.0	1.0
11	9110.259	13902.696	279.50012	0.0	0.0	8.0	1.0
11	8885.693	13867.702	279.50012	0.0	0.0	11.0	1.0
11	8671.558	13808.295	279.50012	0.0	0.0	20.0	1.0
11	8471.434	13703.833	279.50018	0.0	0.0	35.0	1.0
11	8296.052	13565.053	279.50024	0.0	0.0	43.0	1.0
11	8146.008	13397.931	279.5002	0.0	0.0	53.0	1.0
11	8012.0713	13218.463	279.5002	0.0	0.0	53.0	1.0
17	9298.178	13801.202	249.5	0.0	0.0	0.0	0.6000004
33	9232.929	13711.939	299.49994	0.0	0.0	0.0	0.8000002
33	9058.159	13664.858	299.4999	0.0	0.0	20.0	0.8000002
33	8835.672	13582.03	299.49994	0.0	0.0	20.0	0.8000002
33	8592.79	13443.649	299.4999	0.0	0.0	40.0	0.8000002
33	8392.73	13289.538	299.49994	0.0	0.0	40.0	0.8000002
33	8264.834	13143.04	299.49997	0.0	0.0	50.0	0.8000002
34	9089.265	13650.277	474.50006	0.0	0.0	0.0	1.0
34	8537.553	13451.796	474.5	0.0	0.0	0.0	1.0
34	9599.62	13444.5205	374.5	0.0	0.0	0.0	1.0
36	9472.614	13480.308	344.49988	0.0	0.0	0.0	1.0
36	8373.988	12863.015	344.49985	0.0	0.0	0.0	1.0
17	8791.366	13691.821	249.49994	0.0	0.0	0.0	0.6000004
17	8283.545	13340.916	249.49995	0.0	0.0	0.0	0.6000004
17	8116.2666	13142.677	249.49991	0.0	0.0	0.0	0.6000004
17	8490.848	13520.539	249.49998	0.0	0.0	0.0	0.6000004
17	9038.174	13748.935	249.50012	0.0	0.0	0.0	0.6000004
24	8468.993	13015.654	214.63574	0.0	30.0	-40.0	0.6800003
24	8540.01	13152.795	239.63574	0.0	30.0	-60.0	0.6800003
24	8742.802	13293.659	239.63576	0.0	30.0	-50.0	0.6800003
24	8965.805	13418.456	239.63576	0.0	30.0	-60.0	0.6800003
24	9165.899	13498.74	249.63579	0.0	30.0	-90.0	0.6800003
24	9420.8125	13525.548	249.63579	0.0	30.0	-90.0	0.6800003
20	8509.853	12808.563	235.02974	0.0	0.0	150.0	1.0
24	9593.275	13504.476	213.63582	1.0	26.0	-95.0	0.3300005
32	9877.609	5365.413	169.5	0.0	0.0	181.0	0.93000007
32	10167.374	5369.7285	169.5	0.0	0.0	181.0	0.93000007
32	10453.116	5375.0967	169.5	0.0	0.0	181.0	0.93000007
32	10743.729	5381.5137	169.5	0.0	0.0	181.0	0.93000007
16	9657.823	5562.6465	169.5	0.0	0.0	0.0	0.86000013
16	10048.134	5561.215	169.5	0.0	0.0	-180.0	0.86000013
14	10440.438	5561.166	169.5	0.0	0.0	0.0	0.8200002
14	10828.592	5559.675	169.5	0.0	0.0	0.0	0.8200002
19	10965.183	5683.7227	169.5	0.0	0.0	0.0	0.8800001
8	10731.715	5514.7627	169.5	0.0	0.0	0.0	1.0
8	10393.194	5515.996	169.5	0.0	0.0	0.0	1.0
10	9920.658	5518.3994	169.5	0.0	0.0	-179.0	1.0
21	10226.287	5398.6904	169.5	0.0	0.0	90.0	0.7600002
14	10075.29	5233.1523	169.5	0.0	0.0	0.0	0.8200002
16	10438.403	5234.546	169.5	0.0	0.0	0.0	0.86000013
14	10417.215	5237.7207	189.5	-90.0	0.0	0.0	0.74000025
14	10074.706	5222.76	194.5	-90.0	0.0	0.0	0.74000025
14	10779.959	5230.0557	184.5	-90.0	0.0	0.0	0.74000025
16	10817.503	5234.6777	169.5	0.0	0.0	180.0	0.86000013
22	10587.776	5399.8975	169.5	0.0	0.0	90.0	0.7600002
17	10347.26	5689.415	169.5	0.0	0.0	0.0	0.8000002
17	10788.935	5681.7607	169.5	0.0	0.0	0.0	0.8000002
14	9722.727	5221.3965	194.5	-90.0	0.0	0.0	0.74000025
14	9683.714	5233.866	169.5	0.0	0.0	0.0	0.8200002
6	9777.01	5678.716	169.5	0.0	0.0	0.0	1.0999999
5	10113.241	5641.8145	169.5	0.0	0.0	185.0	1.1599998
7	9762.171	5862.964	169.5	0.0	0.0	-179.0	1.0
7	9962.623	5861.426	169.5	0.0	0.0	-179.0	1.0
7	10164.806	5863.466	169.5	0.0	0.0	-179.0	1.0
7	10365.541	5865.1367	169.5	0.0	0.0	-179.0	1.0
14	11173.444	5649.092	169.5	0.0	0.0	30.0	0.8200002
14	11169.957	5274.122	189.5	-90.0	0.0	13.0	0.74000025
34	9628.301	5421.2334	169.5	0.0	0.0	0.0	1.0
34	10076.843	5423.4863	169.5	0.0	0.0	0.0	1.0
34	11132.0	5489.3125	169.5	0.0	0.0	0.0	1.0
34	10522.935	5295.6914	169.5	0.0	0.0	0.0	1.0
34	10801.389	5413.5176	169.5	0.0	0.0	0.0	1.0
24	9797.319	5847.45	174.5	0.0	0.0	120.0	0.8200002
23	10249.595	5419.9004	269.5	0.0	0.0	0.0	0.9000001
36	10249.106	5418.1387	279.5	0.0	0.0	0.0	0.6800003
23	10616.879	5426.208	229.5	0.0	0.0	0.0	0.9000001
36	10614.19	5429.378	249.5	0.0	0.0	0.0	0.6800003
33	10824.593	5263.3013	207.50018	-31.0	0.0	17.0	0.86000013
33	10582.794	5351.845	202.5002	3.0	0.0	90.0	0.86000013
33	11050.505	5291.203	207.50015	-31.0	0.0	1.0	0.86000013
23	10354.569	5738.236	369.5	0.0	0.0	14.0	0.96000004
36	10352.416	5736.6323	399.49994	0.0	0.0	0.0	0.86000013
23	10806.32	5724.3354	369.49997	0.0	0.0	14.0	0.96000004
36	10803.702	5724.043	399.4999	0.0	0.0	0.0	0.86000013
34	9857.099	5880.993	169.49997	0.0	0.0	0.0	1.0
34	10286.852	5915.3867	169.49995	0.0	0.0	0.0	1.0
33	10344.858	5625.005	169.49991	-30.0	0.0	-8.0	1.06
33	10053.459	5628.878	169.4999	-30.0	0.0	-8.0	1.06
33	10030.227	5631.8354	169.4999	-30.0	0.0	52.0	1.06
2	10629.23	6465.6973	169.5	0.0	0.0	0.0	1.0
2	9629.044	6464.0205	169.5	0.0	0.0	90.0	1.0
2	10639.02	7558.8867	169.5	0.0	0.0	182.0	1.0
34	10641.937	7552.4707	169.5	0.0	0.0	0.0	1.1999998
34	9631.973	6461.0566	169.5	0.0	0.0	0.0	1.4199996
34	10629.344	6461.701	169.5	0.0	0.0	0.0	1.4199996
3	9626.909	7563.626	169.5	0.0	0.0	0.0	1.0
34	9625.774	7560.9775	169.5	0.0	0.0	0.0	1.1999998
7	10647.375	6465.451	169.5	0.0	0.0	-269.0	1.0
7	10654.263	7565.885	169.5	2.0	0.0	-268.0	1.0
33	9620.414	6459.4956	172.50012	-90.0	0.0	271.0	0.46000046
33	9639.826	6460.761	172.50008	-90.0	0.0	451.0	0.48000047
33	9600.717	6451.454	172.5001	-90.0	0.0	361.0	0.48000047
33	10618.729	6474.755	172.50015	-90.0	0.0	271.0	0.46000046
33	10614.66	6481.43	172.50021	-90.0	0.0	356.0	0.46000046
33	10618.729	6474.755	172.50015	-90.0	0.0	451.0	0.46000046
33	10618.729	6474.755	172.50015	-90.0	0.0	181.0	0.46000046
33	9617.546	7594.3506	172.5001	-90.0	0.0	361.0	0.48000047
33	9615.297	7587.052	172.50008	-90.0	0.0	181.0	0.48000047
33	9638.375	7575.3066	172.50005	-90.0	0.0	271.0	0.48000047
33	9615.415	7575.137	172.50002	-90.0	0.0	451.0	0.48000047
33	10638.414	7575.498	172.50024	-90.0	0.0	358.0	0.46000046
33	10641.985	7578.843	172.50026	-90.0	0.0	179.0	0.46000046
33	10641.403	7574.343	172.50024	-90.0	0.0	270.0	0.46000046
33	10641.403	7574.343	172.50024	-90.0	0.0	452.0	0.46000046
0	9843.841	8997.741	169.5	0.0	0.0	0.0	0.8800001
0	10120.35	8996.659	169.5	0.0	0.0	0.0	0.8800001
0	10394.364	8997.524	169.5	0.0	0.0	0.0	0.8800001
1	10943.587	8928.401	169.5	0.0	0.0	0.0	0.8800001
7	9993.426	8523.849	169.5	0.0	0.0	0.0	0.98
22	10155.422	8819.692	169.5	0.0	0.0	-6.0	1.0
12	10535.89	8815.02	169.5	0.0	0.0	176.0	1.3999996
17	10337.316	8817.928	169.5	0.0	0.0	0.0	0.9200001
22	9832.573	8826.913	169.5	0.0	0.0	183.0	1.0
12	10812.405	8761.254	169.5	0.0	0.0	341.0	1.3999996
17	10990.68	8691.328	169.5	0.0	0.0	0.0	0.9200001
21	11166.067	8585.974	169.5	0.0	0.0	-30.0	1.0
14	9651.643	9011.124	169.5	0.0	0.0	90.0	1.0
14	9925.157	9201.621	169.5	0.0	0.0	0.0	1.0
14	10397.056	9187.961	169.5	0.0	0.0	-3.0	1.0
14	10842.143	9104.129	169.5	0.0	0.0	-18.0	1.0
8	9842.808	8713.475	169.5	0.0	0.0	0.0	1.5599995
34	9687.254	8730.267	169.5	0.0	0.0	0.0	1.0
34	10135.352	8603.3955	169.5	0.0	0.0	0.0	1.0
33	10123.568	8889.943	169.5	0.0	0.0	0.0	0.6600003
34	10573.3	8683.276	169.5	0.0	0.0	0.0	1.0
34	10858.66	8632.469	169.5	0.0	0.0	0.0	1.0
34	11173.058	8581.728	169.5	0.0	0.0	0.0	1.0
33	9844.386	8881.712	169.5	0.0	0.0	0.0	0.6600003
8	9842.428	8608.578	169.5	0.0	0.0	0.0	1.4599996
9	9827.024	8566.329	169.5	0.0	0.0	0.0	1.2399998
33	9784.228	8639.81	169.5	1.0	0.0	90.0	0.6000004
8	10151.551	8714.228	169.5	0.0	0.0	0.0	1.5599995
8	10146.0205	8608.354	169.5	0.0	0.0	0.0	1.4599996
10	10124.291	8562.576	169.5	0.0	0.0	0.0	1.2399998
7	9666.278	8574.792	169.5	0.0	0.0	0.0	1.1399999
33	10093.508	8605.165	169.49992	-2.0	0.0	87.0	0.46000046
33	10093.101	8766.5205	169.50003	-1.0	0.0	88.0	0.6000004
8	11130.806	8543.966	169.5	0.0	0.0	-31.0	1.0
8	11114.046	8505.01	169.5	0.0	0.0	-31.0	1.0999999
17	10871.423	8555.345	169.5	0.0	0.0	0.0	0.9200001
17	10870.932	8535.528	169.5	-94.0	0.0	-37.0	0.5000005
17	10866.401	8541.083	169.5	-94.0	0.0	-37.0	0.5000005
14	11027.046	8904.617	169.5	0.0	0.0	68.0	0.7800002
7	10431.001	8595.883	169.5	0.0	0.0	-360.0	1.0
7	10687.973	8581.861	169.5	0.0	0.0	-368.0	1.0
6	10535.03	8709.448	169.5	0.0	0.0	-92.0	1.1799998
33	11158.301	8614.654	229.50002	-95.0	0.0	152.0	0.98
36	10533.278	8639.403	329.49994	0.0	0.0	0.0	1.0
23	10526.158	8647.76	289.5	0.0	0.0	0.0	1.1399999
32	9877.609	10265.413	169.50015	0.0	0.0	181.0	0.93000007
32	10167.374	10269.729	169.50012	0.0	0.0	181.0	0.93000007
32	10453.116	10275.097	169.50009	0.0	0.0	181.0	0.93000007
32	10743.729	10281.514	169.50005	0.0	0.0	181.0	0.93000007
16	9657.823	10462.646	205.50002	0.0	0.0	0.0	0.86000013
16	10048.134	10461.215	205.50003	0.0	0.0	-180.0	0.86000013
14	10440.438	10461.166	199.49994	0.0	0.0	0.0	0.8200002
14	10828.592	10459.675	199.49997	0.0	0.0	0.0	0.8200002
19	10965.183	10583.723	169.50002	0.0	0.0	0.0	0.8800001
8	10731.715	10414.763	169.5	0.0	0.0	0.0	1.0
8	10393.194	10415.996	169.50002	0.0	0.0	0.0	1.0
10	9920.658	10418.399	169.49992	0.0	0.0	-179.0	1.0
21	10226.287	10298.69	179.50005	0.0	0.0	90.0	0.7600002
14	10075.29	10133.152	199.49995	0.0	0.0	0.0	0.8200002
16	10438.403	10134.546	205.5	0.0	0.0	0.0	0.86000013
14	10417.215	10137.721	179.5	-90.0	0.0	0.0	0.74000025
14	10074.706	10122.76	179.49995	-90.0	0.0	0.0	0.74000025
14	10779.959	10130.056	179.50002	-90.0	0.0	0.0	0.74000025
16	10817.503	10134.678	205.49994	0.0	0.0	180.0	0.86000013
22	10587.776	10299.897	169.5	0.0	0.0	90.0	0.7600002
17	10347.26	10589.415	169.49985	0.0	0.0	0.0	0.8000002
17	10788.935	10581.761	169.49985	0.0	0.0	0.0	0.8000002
14	9722.727	10121.396	179.50003	-90.0	0.0	0.0	0.74000025
14	9683.714	10133.866	199.49992	0.0	0.0	0.0	0.8200002
6	9777.01	10578.716	169.49997	0.0	0.0	0.0	1.0999999
5	10113.241	10541.814	169.49991	0.0	0.0	185.0	1.1599998
7	9762.171	10762.964	169.5001	0.0	0.0	-179.0	1.0
7	9962.623	10761.426	169.50009	0.0	0.0	-179.0	1.0
7	10164.806	10763.466	169.50012	0.0	0.0	-179.0	1.0
7	10365.541	10765.137	169.5001	0.0	0.0	-179.0	1.0
14	11173.444	10549.092	199.5	0.0	0.0	30.0	0.8200002
14	11169.957	10174.122	179.49998	-90.0	0.0	13.0	0.74000025
34	9628.301	10321.233	359.50006	0.0	0.0	0.0	1.0
34	10076.843	10323.486	359.5001	0.0	0.0	0.0	1.0
34	11132.0	10389.3125	359.5001	0.0	0.0	0.0	1.0
34	10522.935	10195.691	359.50027	0.0	0.0	0.0	1.0
34	10801.389	10313.518	359.5	0.0	0.0	0.0	1.0
24	10018.838	10786.822	178.63571	0.0	0.0	60.0	0.98
24	9797.319	10747.45	198.6357	0.0	0.0	120.0	0.8200002
23	10249.595	10319.9	259.49988	0.0	0.0	0.0	0.9000001
36	10249.106	10318.139	281.52435	0.0	0.0	0.0	0.6800003
23	10616.879	10326.208	259.49988	0.0	0.0	0.0	0.9000001
36	10614.19	10329.378	281.5244	0.0	0.0	0.0	0.6800003
33	10373.001	10570.297	264.49997	-20.0	0.0	10.0	0.94000006
33	10162.718	10528.83	264.49994	-20.0	0.0	10.0	0.8800001
33	10162.718	10528.83	264.49994	-20.0	0.0	60.0	0.8800001
33	10829.238	10206.247	264.49997	-20.0	0.0	10.0	0.94000006
33	10436.977	10239.936	264.49994	-20.0	0.0	10.0	0.94000006
2	10629.23	11365.697	169.49982	0.0	0.0	0.0	1.0
2	9629.044	11364.0205	169.49998	0.0	0.0	90.0	1.0
2	10639.02	12458.887	169.50002	0.0	0.0	182.0	1.0
34	10641.937	12452.471	299.5	0.0	0.0	0.0	1.1999998
34	9631.973	11361.057	299.50003	0.0	0.0	0.0	1.4199996
34	10629.344	11361.701	299.50006	0.0	0.0	0.0	1.4199996
3	9626.909	12463.626	169.50005	0.0	0.0	0.0	1.0
34	9625.774	12460.978	299.5	0.0	0.0	0.0	1.1999998
7	10647.375	11365.451	199.50009	0.0	0.0	-269.0	1.0
7	10654.263	12465.885	199.50009	2.0	0.0	-268.0	1.0
0	9843.841	13897.741	169.49991	0.0	0.0	0.0	0.8800001
0	10120.35	13896.659	169.4999	0.0	0.0	0.0	0.8800001
0	10394.364	13897.524	169.49991	0.0	0.0	0.0	0.8800001
1	10943.587	13828.401	169.50012	0.0	0.0	0.0	0.8800001
7	9993.426	13423.849	159.49994	0.0	0.0	0.0	0.98
22	10155.422	13719.692	169.50012	0.0	0.0	-6.0	1.0
12	10535.89	13715.02	169.4999	0.0	0.0	176.0	1.3999996
17	10337.316	13717.928	169.50003	0.0	0.0	0.0	0.9200001
22	9832.573	13726.913	169.50009	0.0	0.0	183.0	1.0
12	10812.405	13661.254	169.49988	0.0	0.0	341.0	1.3999996
17	10990.68	13591.328	169.50002	0.0	0.0	0.0	0.9200001
21	11166.067	13485.974	169.50003	0.0	0.0	-30.0	1.0
14	9651.643	13911.124	169.49995	0.0	0.0	90.0	1.0
14	9925.157	14101.621	169.49992	0.0	0.0	0.0	1.0
14	10397.056	14087.961	169.49985	0.0	0.0	-3.0	1.0
14	10842.143	14004.129	169.49983	0.0	0.0	-18.0	1.0
8	9842.808	13613.475	169.49994	0.0	0.0	0.0	1.5599995
34	9687.254	13630.267	224.5	0.0	0.0	0.0	1.0
34	10135.352	13503.3955	224.5	0.0	0.0	0.0	1.0
33	10123.568	13789.943	199.49995	0.0	0.0	0.0	0.6600003
34	10573.3	13583.276	224.50005	0.0	0.0	0.0	1.0
34	10858.66	13532.469	259.50003	0.0	0.0	0.0	1.0
34	11173.058	13481.728	224.50012	0.0	0.0	0.0	1.0
33	9844.386	13781.712	199.49994	0.0	0.0	0.0	0.6600003
8	9842.428	13508.578	154.49995	0.0	0.0	0.0	1.4599996
9	9827.024	13466.329	169.49998	0.0	0.0	0.0	1.2399998
33	9784.228	13539.81	177.4999	1.0	0.0	90.0	0.6000004
8	10151.551	13614.228	169.49995	0.0	0.0	0.0	1.5599995
8	10146.0205	13508.354	154.49994	0.0	0.0	0.0	1.4599996
10	10124.291	13462.576	169.50005	0.0	0.0	0.0	1.2399998
7	9666.278	13474.792	164.49995	0.0	0.0	0.0	1.1399999
33	10096.626	13503.919	187.49991	-2.0	0.0	90.0	0.46000046
33	10101.71	13664.241	187.49994	-1.0	0.0	86.0	0.6000004
8	11130.806	13443.966	169.49991	0.0	0.0	-31.0	1.0
8	11114.046	13405.01	169.4999	0.0	0.0	-31.0	1.0999999
17	10871.423	13455.345	169.49998	0.0	0.0	0.0	0.9200001
17	10870.932	13435.528	494.5	-94.0	0.0	-37.0	0.5000005
17	10866.401	13441.083	294.49997	-94.0	0.0	-37.0	0.5000005
14	11027.046	13804.617	169.50003	0.0	0.0	68.0	0.7800002
7	10431.001	13495.883	169.50005	0.0	0.0	-360.0	1.0
7	10687.973	13481.861	169.5	0.0	0.0	-368.0	1.0
6	10535.03	13609.448	169.49997	0.0	0.0	-92.0	1.1799998
1	11386.777	5638.63	169.5	0.0	0.0	-130.0	0.8800001
16	11208.769	5267.534	169.5	0.0	0.0	190.0	0.86000013
16	11543.999	5428.958	169.5	0.0	0.0	404.0	0.86000013
21	11430.203	5566.7754	169.5	0.0	0.0	120.0	0.94000006
19	11298.594	5574.8525	169.5	0.0	0.0	0.0	1.0
34	11677.191	5770.176	169.49995	0.0	0.0	0.0	1.0
19	11429.923	5720.573	169.5	0.0	0.0	90.0	0.8200002
24	11272.9	5868.3687	249.49998	-18.0	0.0	40.0	0.7800002
19	11526.365	5624.584	169.5	30.0	0.0	-20.0	0.8200002
23	11438.532	5599.0967	289.5	0.0	0.0	0.0	0.9000001
36	11438.714	5594.6797	309.5	0.0	0.0	0.0	0.8000002
34	11345.3	6085.206	169.5	0.0	0.0	0.0	1.0
32	11860.109	6103.545	169.52345	0.0	0.0	-112.0	1.0
14	11481.709	5872.125	169.50003	0.0	0.0	43.0	0.8200002
14	11706.905	6170.847	171.30914	0.0	0.0	63.0	0.8200002
7	11508.549	6336.529	164.23721	0.0	0.0	-119.0	1.1199999
33	11337.475	5347.2783	207.50015	-26.0	0.0	31.0	0.86000013
21	11788.725	5888.359	182.03831	0.0	0.0	141.0	0.94000006
21	11959.903	6281.664	190.49158	0.0	0.0	165.0	0.94000006
17	11777.926	6326.7837	169.49998	0.0	0.0	0.0	0.9200001
17	11629.135	6012.338	169.49998	0.0	0.0	0.0	0.9200001
17	11323.281	5740.878	124.499954	0.0	0.0	0.0	0.9200001
33	11634.867	5660.0645	264.00394	-26.0	0.0	40.0	0.86000013
33	11955.056	6047.8887	319.6567	-30.0	0.0	70.0	0.86000013
34	11355.135	5934.805	196.72554	0.0	0.0	0.0	1.2999997
34	11697.379	6345.4106	165.03604	0.0	0.0	0.0	1.5399995
33	11656.815	6054.943	285.50003	-5.0	0.0	66.0	0.84000015
33	11763.157	6394.856	229.49997	-5.0	0.0	76.0	0.98
0	11963.287	7402.3	169.5	0.0	0.0	-92.0	0.8800001
0	11954.995	7125.754	169.5	0.0	0.0	-92.0	0.8800001
0	11944.643	6848.8945	169.5	0.0	0.0	-92.0	0.8800001
16	11801.043	7524.478	169.50003	0.0	0.0	94.0	0.8200002
17	11787.34	7308.671	169.5	0.0	0.0	0.0	0.72000027
21	11950.687	7310.201	169.5	0.0	0.0	0.0	0.8000002
17	12108.088	7319.586	169.5	0.0	0.0	0.0	0.72000027
21	12268.94	7316.1045	169.5	0.0	0.0	0.0	0.8000002
14	12213.528	7551.4697	169.5	0.0	0.0	-87.0	1.0
21	11790.418	7143.9717	169.5	0.0	0.0	-90.0	0.8000002
21	11791.048	6885.466	169.5	0.0	0.0	-90.0	0.8000002
21	11949.527	6741.331	169.5	0.0	0.0	0.0	0.8000002
17	11786.119	6743.34	169.5	0.0	0.0	0.0	0.72000027
14	12064.816	6870.416	472.5	-93.0	0.0	88.0	0.6000004
14	12073.415	7150.7793	469.5	-93.0	0.0	88.0	0.6000004
14	12115.594	6893.4346	284.5	-13.0	0.0	88.0	0.6000004
14	12123.787	7143.9697	285.5	-13.0	0.0	88.0	0.6000004
13	11965.202	7712.1826	169.5	0.0	0.0	5.0	1.3799996
5	11703.376	7290.8115	169.5001	0.0	0.0	-91.0	1.2799997
5	11678.835	6744.23	169.49997	0.0	0.0	-91.0	1.2799997
5	11519.682	6800.001	169.5	0.0	0.0	-181.0	0.98
5	11542.193	7321.8506	169.5	0.0	0.0	-1.0	0.98
23	11684.59	6739.17	414.5	0.0	0.0	0.0	1.6599994
23	11699.755	7285.574	419.5	0.0	0.0	0.0	1.6599994
34	11575.204	7002.7783	169.5	0.0	0.0	0.0	1.0
34	11607.03	7261.843	169.5	0.0	0.0	0.0	1.0
36	11677.8125	6744.9795	504.5	0.0	0.0	0.0	1.0
36	11701.545	7287.7734	509.5	0.0	0.0	0.0	1.0
33	11800.03	7049.0674	284.5	-95.0	0.0	84.0	0.6800003
13	12139.681	6436.758	169.5	0.0	0.0	78.0	1.6799994
21	12155.58	6689.826	169.5	0.0	0.0	-40.0	0.8000002
34	11523.8545	7841.6064	169.5	0.0	0.0	0.0	1.0
34	11594.771	6574.8613	169.5	0.0	0.0	0.0	1.0
14	12080.356	7548.1094	169.5	-90.0	0.0	90.0	0.86000013
23	11828.022	7451.994	294.5	0.0	0.0	0.0	1.02
36	11821.428	7455.132	319.5	0.0	0.0	0.0	0.74000025
1	11898.648	7949.033	169.5	0.0	0.0	-60.0	0.8800001
14	12142.03	7943.667	169.5	0.0	0.0	-73.0	1.0
17	11442.098	7978.208	169.5	0.0	0.0	0.0	0.9200001
17	11446.164	7973.083	169.5	-94.0	0.0	-47.0	0.5000005
24	11548.144	7989.1045	169.5	-9.0	0.0	110.0	0.64000034
14	12100.247	7940.9346	169.5	-90.0	0.0	109.0	0.86000013
33	11767.042	7075.5815	229.50012	-95.0	0.0	84.0	0.98
32	11969.458	6485.75	169.50009	0.0	0.0	-100.0	1.0
14	11831.373	6524.553	171.90623	0.0	0.0	78.0	0.8200002
7	11582.985	6582.2246	162.10732	0.0	0.0	-99.0	1.1199999
14	11777.16	7682.458	169.50006	0.0	0.0	-82.0	0.7800002
7	11606.738	7751.2207	162.10745	0.0	0.0	-81.0	1.1199999
7	11627.106	7538.7676	162.10735	0.0	0.0	-91.0	1.1199999
8	11741.341	7594.653	169.50005	0.0	0.0	-92.0	1.1399999
8	11688.379	7900.703	169.50014	0.0	0.0	-87.0	1.1799998
17	11765.303	7727.762	169.49997	0.0	0.0	0.0	0.9200001
33	11753.344	7625.1455	229.50008	-95.0	0.0	91.0	0.98
33	11705.329	7442.71	229.50002	-5.0	0.0	61.0	0.98
1	11611.032	8509.214	167.5	0.0	0.0	-34.0	0.8800001
17	11341.45	8490.866	169.5	0.0	0.0	0.0	0.9200001
14	11487.293	8325.416	169.5	0.0	0.0	-50.0	0.7800002
34	11347.277	8281.577	169.5	0.0	0.0	0.0	1.0
17	11217.836	8330.241	169.5	0.0	0.0	0.0	0.9200001
17	11212.755	8309.709	169.5	-94.0	0.0	-27.0	0.5000005
17	11212.755	8309.709	169.5	-94.0	0.0	-27.0	0.5000005
14	11431.5205	8704.653	169.5	0.0	0.0	60.0	0.7800002
14	11262.379	8945.377	169.5	0.0	0.0	-23.0	1.0
14	11638.402	8694.591	169.5	0.0	0.0	-44.0	1.0
14	11944.942	8342.593	169.5	0.0	0.0	-54.0	1.0
24	11408.044	8231.829	169.5	-9.0	0.0	80.0	0.64000034
24	11505.364	8100.453	169.5	-9.0	0.0	130.0	0.64000034
14	11695.8	8660.826	169.5	-90.0	0.0	129.0	0.86000013
14	11937.238	8315.114	169.5	-90.0	0.0	119.0	0.86000013
24	11864.132	8010.323	169.5	-4.0	0.0	100.0	1.06
14	11677.377	8024.8184	169.49998	0.0	0.0	-65.0	0.7800002
8	11474.135	8301.777	169.50006	0.0	0.0	-47.0	1.1399999
21	11746.198	8290.447	169.50006	0.0	0.0	40.0	1.0
17	11590.895	8179.7236	169.49995	0.0	0.0	0.0	0.9200001
33	11535.849	8367.127	229.50006	-95.0	0.0	141.0	0.98
36	11537.996	8144.1846	339.49997	0.0	0.0	0.0	1.0
23	11540.954	8138.6094	314.49994	0.0	0.0	0.0	1.2799997
1	11376.26	10531.826	170.50027	0.0	0.0	-130.0	0.8800001
16	11208.769	10167.534	205.49991	0.0	0.0	190.0	0.86000013
16	11543.999	10328.958	205.49983	0.0	0.0	404.0	0.86000013
21	11430.203	10466.775	179.50009	0.0	0.0	120.0	0.94000006
19	11298.594	10474.853	175.72314	0.0	0.0	0.0	1.0
34	11737.497	10724.728	359.50006	0.0	0.0	0.0	1.0
16	11559.216	10991.412	169.4999	0.0	0.0	60.0	0.8200002
19	11445.758	10760.547	169.50006	0.0	0.0	10.0	1.0
19	11429.923	10620.573	169.49998	0.0	0.0	90.0	0.8200002
24	11256.434	10783.597	227.63564	-18.0	0.0	40.0	0.7800002
16	11800.372	10624.939	205.49986	0.0	0.0	593.0	0.86000013
16	12016.642	10962.485	205.49979	0.0	0.0	782.0	0.86000013
14	11686.522	10607.375	182.50006	-90.0	0.0	57.0	0.74000025
19	11526.365	10524.584	169.50005	30.0	0.0	-20.0	0.8200002
14	11878.314	10910.649	182.5002	-90.0	0.0	59.0	0.74000025
23	11438.532	10499.097	289.49988	0.0	0.0	0.0	0.9000001
36	11438.714	10494.68	316.52435	0.0	0.0	0.0	0.8000002
34	11345.3	10985.206	244.50015	0.0	0.0	0.0	1.0
33	11220.992	10266.291	264.4999	-20.0	0.0	40.0	0.94000006
0	11963.287	12302.3	169.50003	0.0	0.0	-92.0	0.8800001
0	11954.995	12025.754	169.5	0.0	0.0	-92.0	0.8800001
0	11944.643	11748.895	169.49997	0.0	0.0	-92.0	0.8800001
1	11858.105	11202.299	171.50018	0.0	0.0	-92.0	0.8800001
16	11776.599	12428.178	169.49995	0.0	0.0	90.0	0.8200002
17	11787.34	12208.671	169.50003	0.0	0.0	0.0	0.72000027
21	11950.687	12210.201	169.5	0.0	0.0	0.0	0.8000002
17	12108.088	12219.586	169.50005	0.0	0.0	0.0	0.72000027
21	12268.94	12216.1045	169.49998	0.0	0.0	0.0	0.8000002
14	12213.528	12451.47	169.49983	0.0	0.0	-87.0	1.0
19	11677.396	12670.385	169.50003	0.0	0.0	-30.0	1.0
21	11790.418	12043.972	169.50003	0.0	0.0	-90.0	0.8000002
21	11791.048	11785.466	169.50003	0.0	0.0	-90.0	0.8000002
21	11949.527	11641.331	169.49997	0.0	0.0	0.0	0.8000002
17	11786.119	11643.34	169.50003	0.0	0.0	0.0	0.72000027
14	12064.816	11770.416	479.50012	-93.0	0.0	88.0	0.6000004
14	12073.415	12050.779	479.50018	-93.0	0.0	88.0	0.6000004
14	12115.594	11793.435	299.50006	-13.0	0.0	88.0	0.6000004
14	12123.787	12043.97	299.50006	-13.0	0.0	88.0	0.6000004
18	11791.089	11556.797	169.49998	0.0	0.0	80.0	0.9000001
16	11719.865	11332.236	169.49991	0.0	0.0	250.0	0.8200002
13	11965.202	12612.183	169.50003	0.0	0.0	5.0	1.3799996
5	11696.781	12192.415	169.49992	0.0	0.0	-91.0	1.2799997
5	11688.809	11637.077	169.49995	0.0	0.0	-91.0	1.2799997
5	11519.682	11700.001	169.4999	0.0	0.0	-181.0	0.98
5	11542.193	12221.851	169.50005	0.0	0.0	-1.0	0.98
23	11684.59	11639.17	434.5	0.0	0.0	0.0	1.6599994
23	11699.755	12185.574	434.5	0.0	0.0	0.0	1.6599994
34	11575.204	11902.778	279.5	0.0	0.0	0.0	1.0
34	11607.03	12161.843	329.50006	0.0	0.0	0.0	1.0
36	11677.8125	11644.9795	514.5	0.0	0.0	0.0	1.0
36	11701.545	12187.773	514.5	0.0	0.0	0.0	1.0
33	11769.975	11974.043	222.70049	-95.0	0.0	84.0	0.98
33	11800.03	11949.067	272.70053	-95.0	0.0	84.0	0.6800003
24	11605.288	11446.067	212.63554	-9.0	0.0	80.0	0.64000034
24	11575.754	11210.446	227.63562	-18.0	0.0	70.0	0.7800002
22	11855.401	11234.993	169.50009	0.0	0.0	-20.0	0.7600002
13	12139.681	11336.758	169.50008	0.0	0.0	78.0	1.6799994
21	12155.58	11589.826	169.49998	0.0	0.0	-40.0	0.8000002
14	12050.326	11212.743	182.50021	-90.0	0.0	62.0	0.74000025
19	11888.392	11544.195	169.50003	0.0	0.0	30.0	1.0
34	11523.8545	12741.606	224.50021	0.0	0.0	0.0	1.0
34	11594.771	11474.861	224.50014	0.0	0.0	0.0	1.0
14	12080.356	12448.109	182.5005	-90.0	0.0	90.0	0.86000013
23	11828.022	12351.994	404.50006	0.0	0.0	0.0	1.02
36	11821.428	12355.132	419.5	0.0	0.0	0.0	0.74000025
1	11611.032	13409.214	168.50026	0.0	0.0	-34.0	0.8800001
1	11898.648	12849.033	171.50015	0.0	0.0	-60.0	0.8800001
17	11341.45	13390.866	169.50002	0.0	0.0	0.0	0.9200001
14	11487.293	13225.416	169.50002	0.0	0.0	-50.0	0.7800002
15	11688.402	12853.673	169.50002	0.0	0.0	-70.0	0.7900002
34	11347.277	13181.577	224.50012	0.0	0.0	0.0	1.0
17	11217.836	13230.241	169.49997	0.0	0.0	0.0	0.9200001
17	11212.755	13209.709	304.5	-94.0	0.0	-27.0	0.5000005
17	11212.755	13209.709	499.49997	-94.0	0.0	-27.0	0.5000005
14	11431.5205	13604.653	169.50008	0.0	0.0	60.0	0.7800002
14	11262.379	13845.377	169.49986	0.0	0.0	-23.0	1.0
14	11638.402	13594.591	169.49986	0.0	0.0	-44.0	1.0
14	11944.942	13242.593	169.49994	0.0	0.0	-54.0	1.0
14	12142.03	12843.667	169.49986	0.0	0.0	-73.0	1.0
19	11724.88	13090.964	169.50002	0.0	340.0	30.0	1.0
17	11442.098	12878.208	169.49997	0.0	0.0	0.0	0.9200001
17	11446.164	12873.083	304.49997	-94.0	0.0	-47.0	0.5000005
24	11408.044	13131.829	212.63545	-9.0	0.0	80.0	0.64000034
24	11548.144	12889.1045	212.63536	-9.0	0.0	110.0	0.64000034
24	11505.364	13000.453	227.63539	-9.0	0.0	130.0	0.64000034
14	11695.8	13560.826	182.50035	-90.0	0.0	129.0	0.86000013
14	11937.238	13215.114	182.50029	-90.0	0.0	119.0	0.86000013
14	12100.247	12840.935	189.50023	-90.0	0.0	109.0	0.86000013
24	11864.132	12910.323	267.6353	-4.0	0.0	100.0	1.06
1	13673.717	5869.5776	169.49997	0.0	0.0	143.0	0.8800001
1	14348.181	5431.7705	169.5	0.0	0.0	183.0	0.8800001
34	13883.875	5759.5674	169.5	0.0	0.0	0.0	1.0
20	14190.537	6093.4404	124.663315	0.0	0.0	200.0	1.1399999
17	13928.138	6339.764	113.20947	-60.0	0.0	65.0	0.9200001
24	14262.327	5850.486	192.91461	0.0	0.0	0.0	0.74000025
24	14068.714	5984.258	190.47214	0.0	0.0	40.0	0.74000025
24	13910.358	6219.164	192.33215	0.0	0.0	90.0	0.74000025
35	13800.531	6338.818	146.65889	0.0	0.0	0.0	1.4199996
35	14047.869	5785.2773	194.63092	0.0	0.0	0.0	1.4199996
35	13775.302	6007.1587	180.8432	0.0	0.0	0.0	1.4199996
1	13284.766	7873.669	169.5	0.0	0.0	99.0	0.8800001
15	13227.963	7099.585	169.5	0.0	0.0	180.0	0.6800003
14	13232.178	7367.17	169.5	0.0	0.0	0.0	0.94000006
14	13223.0625	6836.872	169.5	0.0	0.0	94.0	0.94000006
17	13250.631	7050.131	169.5	0.0	0.0	0.0	0.8800001
14	13228.588	7663.4805	169.5	0.0	0.0	93.0	0.94000006
19	13291.278	6930.8516	169.5	0.0	0.0	40.0	1.0
17	13213.053	7310.546	169.5	0.0	0.0	0.0	0.52000046
32	13253.623	7375.0693	169.5	0.0	0.0	91.0	0.93000007
32	13253.145	7107.789	167.5	0.0	0.0	89.0	0.93000007
33	13288.219	7669.503	169.5	0.0	0.0	92.0	0.86000013
17	13246.455	7288.628	169.5	0.0	0.0	0.0	0.52000046
34	13113.184	6472.371	384.5	0.0	0.0	0.0	1.0
34	13020.489	7253.2	169.5	0.0	0.0	0.0	1.0
2	13282.219	7603.707	169.5	40.0	92.0	39.0	1.4599996
2	13284.99	7617.3613	169.5	39.0	70.0	42.0	1.4599996
2	13270.367	6858.0283	169.5	40.0	92.0	39.0	1.4599996
2	13284.262	6856.2686	169.5	40.0	70.0	44.0	1.4599996
34	13028.406	7919.1875	169.5	0.0	0.0	0.0	1.0
1	13331.342	6575.143	168.49997	0.0	0.0	119.0	0.8800001
21	13478.625	7226.4473	169.5	0.0	0.0	90.0	1.0
17	13465.177	7028.45	169.5	0.0	0.0	0.0	0.7800002
17	13473.387	7424.626	169.5	0.0	0.0	0.0	0.7800002
11	13340.777	6634.506	169.5	0.0	0.0	0.0	1.0
17	13462.335	6630.133	169.5	0.0	0.0	0.0	0.62000036
17	13335.354	7313.2676	169.5	0.0	0.0	0.0	0.52000046
11	13316.605	7864.1797	169.5	0.0	0.0	0.0	1.0
17	13465.387	7856.419	169.5	0.0	0.0	0.0	0.62000036
10	13506.633	6452.002	169.5	0.0	0.0	110.0	1.4199996
20	13483.572	6737.574	169.5	0.0	0.0	150.0	1.0
33	13412.648	7791.3574	169.5	0.0	0.0	12.0	0.86000013
9	13362.59	7650.665	169.5	0.0	0.0	89.0	1.6799994
33	13416.767	7229.675	169.5	0.0	0.0	92.0	0.86000013
33	13491.229	7188.91	169.5	0.0	0.0	92.0	0.86000013
33	13451.251	7219.5254	234.5	-95.0	0.0	270.0	0.86000013
33	13462.654	7214.924	229.50002	-95.0	0.0	270.0	0.98
36	13522.295	7358.4062	369.5	0.0	0.0	0.0	1.1799998
23	13531.0	7354.623	339.5	0.0	0.0	0.0	1.1399999
23	13520.855	7106.246	364.5	0.0	0.0	0.0	1.1399999
36	13513.65	7113.467	374.5	0.0	0.0	0.0	1.1799998
4	13766.558	7608.1396	169.5	0.0	0.0	90.0	1.2999997
4	13756.483	6861.1973	169.5	0.0	0.0	95.0	1.2999997
36	13862.99	7600.0938	349.5	0.0	0.0	0.0	0.84000015
36	13846.067	6868.677	329.5	0.0	0.0	0.0	0.8200002
36	13846.067	6868.677	404.5	0.0	0.0	0.0	1.0
36	13865.915	7596.7646	409.5	0.0	0.0	0.0	1.0
7	13533.238	7497.74	169.5	0.0	0.0	-271.0	1.0
7	13500.952	7690.092	169.5	0.0	0.0	-271.0	1.0
7	13503.366	6934.6484	169.5	0.0	0.0	-271.0	1.0
5	13765.907	6766.1543	169.5	0.0	0.0	91.0	1.0999999
6	13764.061	6681.288	169.5	0.0	0.0	1.0	1.0
5	13760.659	7723.135	169.5	0.0	0.0	91.0	1.0999999
5	13763.286	7820.796	169.5	0.0	0.0	91.0	0.98
34	13823.849	6749.84	374.5	0.0	0.0	0.0	1.0
34	13799.116	7700.176	169.5	0.0	0.0	0.0	1.0
24	13822.888	7678.4736	169.5	5.0	86.0	5.0	0.6800003
24	13549.593	7527.2744	169.5	0.0	0.0	130.0	0.6800003
36	13655.423	7976.572	384.5	0.0	0.0	0.0	1.0
20	13809.853	7908.5635	169.5	0.0	0.0	150.0	1.0
14	13131.193	8075.1465	169.5	0.0	0.0	113.0	0.94000006
11	13198.329	8216.707	169.5	0.0	0.0	30.0	1.0
1	14329.29	8933.748	169.5	0.0	0.0	29.0	0.8800001
1	13610.961	8533.295	169.5	0.0	0.0	59.0	0.8800001
9	13305.321	8009.7725	169.5	0.0	0.0	99.0	1.6799994
1	13567.819	8577.044	192.5	0.0	0.0	59.0	0.9000001
12	13505.828	8071.996	169.5	0.0	0.0	148.0	1.04
4	13601.006	8011.2617	169.5	0.0	0.0	59.0	1.0
5	13495.736	8143.927	169.5	0.0	0.0	57.0	1.0
8	14159.511	8627.079	169.5	0.0	0.0	19.0	1.3399997
8	13937.295	8495.505	169.5	0.0	0.0	36.0	1.3399997
10	13743.922	8331.353	169.5	0.0	0.0	45.0	1.2399998
8	13597.312	8148.705	169.5	0.0	0.0	56.0	1.3399997
34	14389.265	8750.277	169.5	0.0	0.0	0.0	1.0
34	13837.553	8551.796	169.5	0.0	0.0	0.0	1.0
17	13416.267	8242.677	169.5	0.0	0.0	0.0	0.6000004
1	14301.015	9010.133	189.5	0.0	0.0	29.0	0.94000006
33	13926.795	8521.723	554.86975	-120.0	0.0	212.0	1.0
1	13651.36	10781.665	168.49992	0.0	0.0	142.0	0.8800001
1	14348.181	10331.7705	169.5	0.0	0.0	183.0	0.8800001
14	14297.596	10212.811	179.5	-90.0	0.0	-14.0	0.74000025
14	13961.785	10323.024	181.5	-90.0	0.0	-22.0	0.74000025
16	14171.074	10619.888	169.5	0.0	0.0	339.0	0.86000013
14	14220.734	10237.203	169.5	0.0	0.0	-14.0	0.8200002
4	14383.898	10592.188	169.5	0.0	0.0	168.0	1.1599998
21	13970.285	10491.9	169.5	0.0	0.0	71.0	0.94000006
17	14004.035	10680.179	169.5	0.0	0.0	0.0	0.8800001
17	13891.122	10325.083	169.5	0.0	0.0	0.0	0.8800001
10	13785.808	10875.819	169.5	11.0	0.0	128.0	1.4199996
9	13623.398	11095.816	169.5	0.0	0.0	300.0	1.3999996
34	14336.278	10427.633	169.5	0.0	0.0	0.0	1.0
34	13883.875	10659.567	169.5	0.0	0.0	0.0	1.0
24	14032.416	10819.317	224.49998	0.0	0.0	110.0	0.7000003
24	13826.039	11101.303	239.50003	0.0	0.0	150.0	0.8000002
20	14207.156	11005.954	169.5	0.0	0.0	200.0	1.1399999
18	13861.151	10704.852	169.5	-87.0	0.0	-40.0	1.0
6	13633.743	11097.695	169.5	0.0	0.0	-52.0	1.1799998
35	13743.029	10826.783	-46.205215	0.0	0.0	0.0	1.0
1	13284.766	12773.669	169.5	0.0	0.0	99.0	0.8800001
15	13227.963	11999.585	169.5	0.0	0.0	180.0	0.6800003
14	13232.178	12267.17	169.5	0.0	0.0	0.0	0.94000006
14	13223.0625	11736.872	169.5	0.0	0.0	94.0	0.94000006
17	13250.631	11950.131	169.5	0.0	0.0	0.0	0.8800001
14	13228.588	12563.48	169.5	0.0	0.0	93.0	0.94000006
16	13148.55	11329.154	169.5	0.0	0.0	-117.0	0.94000006
19	13291.278	11830.852	169.5	0.0	0.0	40.0	1.0
11	13225.449	11230.716	169.5	0.0	0.0	-33.0	1.0
17	13213.053	12210.546	169.5	0.0	0.0	0.0	0.52000046
32	13253.623	12275.069	169.5	0.0	0.0	91.0	0.93000007
32	13253.145	12007.789	166.5	0.0	0.0	89.0	0.93000007
33	13288.219	12569.503	169.5	0.0	0.0	92.0	0.86000013
17	13246.455	12188.628	169.5	0.0	0.0	0.0	0.52000046
34	13113.184	11372.371	169.5	0.0	0.0	0.0	1.0
34	13020.489	12153.2	169.5	0.0	0.0	0.0	1.0
2	13282.219	12503.707	169.5	40.0	92.0	39.0	1.4599996
2	13284.99	12517.361	169.5	39.0	70.0	42.0	1.4599996
2	13270.367	11758.028	169.5	40.0	92.0	39.0	1.4599996
2	13284.262	11756.269	169.5	40.0	70.0	44.0	1.4599996
1	13339.03	11467.584	169.5	0.0	0.0	119.0	0.8800001
21	13478.625	12126.447	169.5	0.0	0.0	90.0	1.0
17	13465.177	11928.45	169.5	0.0	0.0	0.0	0.7800002
17	13473.387	12324.626	169.5	0.0	0.0	0.0	0.7800002
11	13340.777	11534.506	169.5	0.0	0.0	0.0	1.0
17	13462.335	11530.133	169.5	0.0	0.0	0.0	0.62000036
17	13335.354	12213.268	169.5	0.0	0.0	0.0	0.52000046
11	13316.605	12764.18	169.5	0.0	0.0	0.0	1.0
17	13465.387	12756.419	169.5	0.0	0.0	0.0	0.62000036
10	13506.633	11352.002	169.5	0.0	0.0	110.0	1.4199996
20	13483.572	11637.574	169.5	0.0	0.0	150.0	1.0
33	13412.648	12691.357	169.5	0.0	0.0	12.0	0.86000013
9	13362.59	12550.665	169.5	0.0	0.0	89.0	1.6799994
33	13416.767	12129.675	169.5	0.0	0.0	92.0	0.86000013
33	13491.229	12088.91	169.5	0.0	0.0	92.0	0.86000013
33	13451.251	12119.525	259.5	-95.0	0.0	270.0	0.86000013
33	13433.334	12118.869	249.49997	-95.0	0.0	270.0	0.98
36	13522.295	12258.406	309.5	0.0	0.0	0.0	1.1799998
23	13531.0	12254.623	284.5	0.0	0.0	0.0	1.1399999
23	13520.855	12006.246	309.5	0.0	0.0	0.0	1.1399999
36	13513.65	12013.467	324.5	0.0	0.0	0.0	1.1799998
4	13766.558	12508.14	169.5	0.0	0.0	90.0	1.2999997
4	13756.483	11761.197	169.5	0.0	0.0	95.0	1.2999997
36	13862.99	12500.094	309.5	0.0	0.0	0.0	0.84000015
36	13846.067	11768.677	299.5	0.0	0.0	0.0	0.8200002
36	13846.067	11768.677	379.5	0.0	0.0	0.0	1.0
36	13865.915	12496.765	389.5	0.0	0.0	0.0	1.0
7	13533.238	12397.74	169.5	0.0	0.0	-271.0	1.0
7	13500.952	12590.092	169.5	0.0	0.0	-271.0	1.0
7	13503.366	11834.648	169.5	0.0	0.0	-271.0	1.0
5	13765.907	11666.154	169.5	0.0	0.0	91.0	1.0999999
6	13764.061	11581.288	169.5	0.0	0.0	1.0	1.0
5	13760.659	12623.135	169.5	0.0	0.0	91.0	1.0999999
5	13763.286	12720.796	169.5	0.0	0.0	91.0	0.98
34	13823.849	11649.84	169.5	0.0	0.0	0.0	1.0
34	13799.116	12600.176	169.5	0.0	0.0	0.0	1.0
24	13587.214	11358.11	169.5	0.0	0.0	30.0	1.0
24	13632.482	11522.686	169.5	0.0	0.0	-10.0	0.6800003
24	13751.938	11659.736	190.5	0.0	6.0	48.0	0.98
24	13822.888	12578.474	169.5	5.0	86.0	5.0	0.6800003
24	13801.776	11947.751	169.5	0.0	0.0	50.0	0.6800003
24	13750.886	12327.9795	169.5	0.0	0.0	80.0	0.6800003
24	13549.593	12427.274	169.5	0.0	0.0	130.0	0.6800003
24	13961.035	11271.842	169.5	0.0	0.0	60.0	0.98
17	13976.686	11243.53	169.5	-10.0	0.0	65.0	0.9200001
35	13949.747	11378.39	124.50003	0.0	0.0	0.0	1.2399998
33	13856.022	12548.204	169.50006	-4.0	0.0	88.0	0.72000027
33	13830.167	11681.342	169.50017	-1.0	0.0	87.0	0.72000027
14	13131.193	12975.146	169.5	0.0	0.0	113.0	0.94000006
11	13198.329	13116.707	169.5	0.0	0.0	30.0	1.0
34	13028.406	12819.1875	169.5	0.0	0.0	0.0	1.0
17	13318.172	13174.259	169.5	0.0	0.0	0.0	0.62000036
33	13381.569	12982.696	169.5	0.0	0.0	62.0	1.06
9	13305.321	12909.772	169.5	0.0	0.0	99.0	1.6799994
12	13505.828	12971.996	169.5	0.0	0.0	148.0	1.04
4	13601.006	12911.262	169.5	0.0	0.0	59.0	1.0
14	14142.69	13538.424	-84.5	0.0	0.0	20.0	0.84000015
14	13817.724	13346.609	-70.5	0.0	0.0	40.0	0.84000015
14	13589.559	13118.444	-70.5	0.0	0.0	50.0	0.84000015
5	13495.736	13043.927	169.5	0.0	0.0	57.0	1.0
8	14159.511	13527.079	169.5	0.0	0.0	19.0	1.3399997
8	13937.295	13395.505	169.5	0.0	0.0	36.0	1.3399997
10	13743.922	13231.353	169.5	0.0	0.0	45.0	1.2399998
8	13597.312	13048.705	169.5	0.0	0.0	56.0	1.3399997
11	13446.008	13397.931	169.5	0.0	0.0	53.0	1.0
11	13312.071	13218.463	169.5	0.0	0.0	53.0	1.0
33	13564.834	13143.04	169.5	0.0	0.0	50.0	0.8000002
34	14389.265	13650.277	169.5	0.0	0.0	0.0	1.0
34	13837.553	13451.796	169.5	0.0	0.0	0.0	1.0
36	13659.788	12873.635	359.49988	0.0	0.0	0.0	1.0
17	13583.545	13340.916	204.5	0.0	0.0	0.0	0.6000004
17	13416.267	13142.677	204.5	0.0	0.0	0.0	0.6000004
20	13809.853	12808.563	169.5	0.0	0.0	150.0	1.0
32	14184.425	13922.888	104.50011	-8.0	0.0	10.0	1.0
32	13761.682	13765.598	104.50014	-8.0	0.0	30.0	1.0
32	13390.206	13362.307	104.5002	-8.0	0.0	64.0	1.0
17	13888.207	13253.8	169.49992	-90.0	0.0	150.0	0.9200001
17	14363.774	13934.693	88.03343	-70.0	0.0	84.0	0.7800002
35	14141.85	14004.893	139.50009	0.0	0.0	0.0	1.0
33	13749.579	13362.336	169.50003	0.0	0.0	47.0	0.8000002
33	13954.962	13532.027	169.50002	0.0	0.0	33.0	0.8000002
33	14168.5	13638.342	169.49991	0.0	0.0	25.0	0.8000002
35	13981.895	13268.713	164.98569	0.0	0.0	0.0	1.0
24	14208.162	13471.782	244.50006	5.0	396.0	-85.0	0.52000046
24	14047.422	13414.9795	255.11009	5.0	396.0	-55.0	0.52000046
24	13922.773	13311.565	243.73773	5.0	396.0	-55.0	0.52000046
32	14887.113	5361.634	169.5	0.0	0.0	181.0	0.93000007
9	14866.992	5517.546	169.5	0.0	0.0	0.0	1.0
4	14872.705	5649.9746	169.5	0.0	0.0	180.0	1.1599998
21	14735.637	5412.3506	169.5	0.0	0.0	82.0	0.7600002
17	14577.177	5892.033	104.5	54.0	0.0	-40.0	0.9200001
32	15177.609	5365.413	169.5	0.0	0.0	181.0	0.93000007
32	15467.374	5369.7285	169.5	0.0	0.0	181.0	0.93000007
32	15753.116	5375.0967	169.5	0.0	0.0	181.0	0.93000007
16	14957.823	5562.6465	169.5	0.0	0.0	0.0	0.86000013
16	15348.134	5561.215	169.5	0.0	0.0	-180.0	0.86000013
14	15740.438	5561.166	169.5	0.0	0.0	0.0	0.8200002
8	15693.194	5515.996	169.5	0.0	0.0	0.0	1.0
10	15220.658	5518.3994	169.5	0.0	0.0	-179.0	1.0
21	15526.287	5398.6904	169.5	0.0	0.0	90.0	0.7600002
22	15887.776	5399.8975	169.5	0.0	0.0	90.0	0.7600002
17	15647.26	5689.415	169.5	0.0	0.0	0.0	0.8000002
6	15077.01	5678.716	169.5	0.0	0.0	0.0	1.0999999
5	15413.241	5641.8145	169.5	0.0	0.0	185.0	1.1599998
7	15062.171	5862.964	169.5	0.0	0.0	-179.0	1.0
7	15262.623	5861.426	169.5	0.0	0.0	-179.0	1.0
7	15464.806	5863.466	169.5	0.0	0.0	-179.0	1.0
7	15665.541	5865.1367	169.5	0.0	0.0	-179.0	1.0
34	14928.301	5421.2334	314.5	0.0	0.0	0.0	1.0
34	15376.843	5423.4863	349.5	0.0	0.0	0.0	1.0
34	15741.264	5383.578	344.5	0.0	0.0	0.0	1.0
24	15318.838	5886.8223	179.5	0.0	0.0	60.0	0.98
24	15097.319	5847.45	184.5	0.0	0.0	120.0	0.8200002
33	15719.398	5212.6025	298.9026	-50.0	0.0	2.0	0.86000013
24	15852.895	5751.9453	204.42798	0.0	0.0	30.0	0.74000025
33	15695.788	5693.93	226.23758	-34.0	0.0	2.0	0.6600003
33	15461.6	5701.2246	183.0561	-25.0	0.0	10.0	0.72000027
33	15248.512	5675.313	183.05606	-25.0	0.0	30.0	0.72000027
35	15884.51	5792.2935	195.44507	0.0	0.0	0.0	1.0
35	15820.083	5843.9355	151.79672	0.0	0.0	30.0	1.3199997
24	14727.636	6848.0283	179.5	0.0	0.0	60.0	0.54000044
24	14632.479	6945.0273	174.5	0.0	0.0	20.0	0.7600002
24	14746.7	7177.374	179.5	0.0	0.0	60.0	0.5800004
2	15929.23	6465.6973	169.5	0.0	0.0	0.0	1.0
2	14929.044	6464.0205	169.5	0.0	0.0	90.0	1.0
2	15939.02	7558.8867	169.5	0.0	0.0	182.0	1.0
34	15941.937	7552.4707	169.5	0.0	0.0	0.0	1.1999998
34	14931.973	6461.0566	169.5	0.0	0.0	0.0	1.4199996
34	15929.344	6461.701	169.5	0.0	0.0	0.0	1.4199996
3	14926.909	7563.626	169.5	0.0	0.0	0.0	1.0
34	14925.774	7560.9775	169.5	0.0	0.0	0.0	1.1999998
7	15947.375	6465.451	169.5	0.0	0.0	-269.0	1.0
7	15954.263	7565.885	169.5	2.0	0.0	-268.0	1.0
0	14871.83	8996.583	169.5	0.0	0.0	0.0	0.8800001
12	14750.383	8787.241	169.5	0.0	0.0	90.0	1.04
12	14749.654	9021.414	169.5	0.0	0.0	270.0	1.04
11	14739.694	9250.77	169.5	0.0	0.0	95.0	1.06
5	14767.703	8653.034	169.5	0.0	0.0	2.0	1.0
5	14689.225	8840.591	169.5	0.0	0.0	2.0	1.0
17	14835.244	8881.61	169.5	0.0	0.0	0.0	0.7800002
9	14622.023	8704.384	169.5	0.0	0.0	1.0	1.2399998
9	14400.984	8678.53	169.5	0.0	0.0	11.0	1.2399998
34	14899.62	8544.5205	169.5	0.0	0.0	0.0	1.0
36	14772.614	8580.308	339.5	0.0	0.0	0.0	1.0
24	14893.275	8604.476	169.5	1.0	26.0	-95.0	0.3300005
0	15143.841	8997.741	169.5	0.0	0.0	0.0	0.8800001
0	15420.35	8996.659	169.5	0.0	0.0	0.0	0.8800001
0	15694.364	8997.524	169.5	0.0	0.0	0.0	0.8800001
7	15293.426	8523.849	169.5	0.0	0.0	0.0	0.98
22	15455.422	8819.692	169.5	0.0	0.0	-6.0	1.0
12	15835.89	8815.02	169.5	0.0	0.0	176.0	1.3999996
17	15637.316	8817.928	169.5	0.0	0.0	0.0	0.9200001
22	15132.573	8826.913	169.5	0.0	0.0	183.0	1.0
14	14951.643	9011.124	169.5	0.0	0.0	90.0	1.0
8	15142.808	8713.475	169.5	0.0	0.0	0.0	1.5599995
34	14987.254	8730.267	169.5	0.0	0.0	0.0	1.0
34	15435.352	8603.3955	169.5	0.0	0.0	0.0	1.0
33	15423.568	8889.943	169.5	0.0	0.0	0.0	0.6600003
34	15873.3	8683.276	169.5	0.0	0.0	0.0	1.0
33	15144.386	8881.712	169.5	0.0	0.0	0.0	0.6600003
8	15142.428	8608.578	169.5	0.0	0.0	0.0	1.4599996
9	15127.024	8566.329	169.5	0.0	0.0	0.0	1.2399998
8	15451.551	8714.228	169.5	0.0	0.0	0.0	1.5599995
8	15446.0205	8608.354	169.5	0.0	0.0	0.0	1.4599996
10	15424.291	8562.576	169.5	0.0	0.0	0.0	1.2399998
7	14966.278	8574.792	169.5	0.0	0.0	0.0	1.1399999
7	15731.001	8595.883	169.5	0.0	0.0	-360.0	1.0
7	15987.973	8581.861	169.5	0.0	0.0	-368.0	1.0
6	15835.03	8709.448	169.5	0.0	0.0	-92.0	1.1799998
5	14520.728	8451.928	112.038925	-50.0	0.0	2.0	1.1799998
24	15440.214	8533.535	196.51956	0.0	0.0	30.0	0.96000004
24	15161.563	8531.144	205.0813	0.0	0.0	70.0	0.86000013
24	15382.762	8673.645	266.31076	0.0	85.0	0.0	0.7000003
32	14887.113	10261.634	169.5	0.0	0.0	181.0	0.93000007
9	14866.992	10417.546	169.5	0.0	0.0	0.0	1.0
16	14551.422	10507.132	169.5	0.0	0.0	169.0	0.86000013
14	14652.453	10136.19	181.5	-90.0	0.0	-9.0	0.74000025
14	14599.604	10162.1	169.5	0.0	0.0	-8.0	0.8200002
9	14423.52	10487.603	169.5	0.0	0.0	-10.0	1.0
4	14872.705	10549.975	169.5	0.0	0.0	180.0	1.1599998
21	14735.637	10312.351	169.5	0.0	0.0	82.0	0.7600002
23	14762.505	10341.785	234.5	0.0	0.0	0.0	0.9000001
36	14768.055	10337.406	264.5	0.0	0.0	0.0	0.6800003
17	14577.177	10792.033	169.5	24.0	0.0	-10.0	0.9200001
32	15177.609	10265.413	169.5	0.0	0.0	181.0	0.93000007
32	15467.374	10269.729	169.5	0.0	0.0	181.0	0.93000007
32	15753.116	10275.097	169.5	0.0	0.0	181.0	0.93000007
16	14957.823	10462.646	169.5	0.0	0.0	0.0	0.86000013
16	15348.134	10461.215	169.5	0.0	0.0	-180.0	0.86000013
14	15740.438	10461.166	169.5	0.0	0.0	0.0	0.8200002
8	15693.194	10415.996	169.5	0.0	0.0	0.0	1.0
10	15220.658	10418.399	169.5	0.0	0.0	-179.0	1.0
21	15526.287	10298.69	169.5	0.0	0.0	90.0	0.7600002
14	15375.29	10133.152	169.5	0.0	0.0	0.0	0.8200002
16	15738.403	10134.546	169.5	0.0	0.0	0.0	0.86000013
14	15717.215	10137.721	174.5	-90.0	0.0	0.0	0.74000025
14	15374.706	10122.76	181.5	-90.0	0.0	0.0	0.74000025
22	15887.776	10299.897	169.5	0.0	0.0	90.0	0.7600002
17	15647.26	10589.415	169.5	0.0	0.0	0.0	0.8000002
14	15022.727	10121.396	173.5	-90.0	0.0	0.0	0.74000025
14	14983.714	10133.866	169.5	0.0	0.0	0.0	0.8200002
6	15077.01	10578.716	169.5	0.0	0.0	0.0	1.0999999
5	15413.241	10541.814	169.5	0.0	0.0	185.0	1.1599998
7	15062.171	10762.964	169.5	0.0	0.0	-179.0	1.0
7	15262.623	10761.426	169.5	0.0	0.0	-179.0	1.0
7	15464.806	10763.466	169.5	0.0	0.0	-179.0	1.0
7	15665.541	10765.137	169.5	0.0	0.0	-179.0	1.0
34	14928.301	10321.233	169.5	0.0	0.0	0.0	1.0
34	15376.843	10323.486	169.5	0.0	0.0	0.0	1.0
34	15822.935	10195.691	169.5	0.0	0.0	0.0	1.0
24	15318.838	10786.822	179.5	0.0	0.0	60.0	0.98
24	15097.319	10747.45	169.5	0.0	0.0	120.0	0.8200002
23	15549.595	10319.9	254.5	0.0	0.0	0.0	0.9000001
36	15549.106	10318.139	284.5	0.0	0.0	0.0	0.6800003
23	15916.879	10326.208	249.5	0.0	0.0	0.0	0.9000001
36	15914.19	10329.378	249.5	0.0	0.0	0.0	0.6800003
34	15545.75	10782.957	169.50002	0.0	0.0	0.0	1.0
34	15124.886	10773.153	169.50008	0.0	0.0	0.0	1.0
35	15299.311	10754.837	169.49995	0.0	0.0	0.0	1.3599997
35	15519.503	10783.342	134.49982	0.0	0.0	0.0	1.3599997
35	15505.716	10795.177	169.4999	0.0	0.0	20.0	1.3599997
2	15929.23	11365.697	169.5	0.0	0.0	0.0	1.0
2	14929.044	11364.0205	169.5	0.0	0.0	90.0	1.0
2	15939.02	12458.887	169.5	0.0	0.0	182.0	1.0
34	15941.937	12452.471	169.5	0.0	0.0	0.0	1.1999998
34	14931.973	11361.057	169.5	0.0	0.0	0.0	1.4199996
34	15929.344	11361.701	169.5	0.0	0.0	0.0	1.4199996
3	14926.909	12463.626	169.5	0.0	0.0	0.0	1.0
34	14925.774	12460.978	169.5	0.0	0.0	0.0	1.1999998
7	15947.375	11365.451	169.5	0.0	0.0	-269.0	1.0
7	15954.263	12465.885	169.5	2.0	0.0	-268.0	1.0
35	14989.366	11343.823	169.49997	0.0	0.0	0.0	1.0
35	14963.931	11317.405	169.49994	0.0	0.0	0.0	1.3599997
34	15383.538	11872.627	164.58864	0.0	0.0	0.0	1.4799995
35	14969.991	12525.111	121.55507	0.0	0.0	0.0	1.3399997
0	14871.83	13896.583	169.5	0.0	0.0	0.0	0.8800001
12	14750.383	13687.241	169.5	0.0	0.0	90.0	1.04
12	14749.654	13921.414	169.5	0.0	0.0	270.0	1.04
11	14739.694	14150.77	169.5	0.0	0.0	95.0	1.06
5	14767.703	13553.034	169.5	0.0	0.0	2.0	1.0
14	14514.492	13639.35	-85.5	0.0	0.0	10.0	0.84000015
5	14689.225	13740.591	169.5	0.0	0.0	2.0	1.0
17	14835.244	13781.61	169.5	0.0	0.0	0.0	0.7800002
9	14622.023	13604.384	169.5	0.0	0.0	1.0	1.2399998
9	14400.984	13578.53	169.5	0.0	0.0	11.0	1.2399998
34	14899.62	13444.5205	169.5	0.0	0.0	0.0	1.0
36	14772.614	13480.308	329.5	0.0	0.0	0.0	1.0
24	14893.275	13504.476	219.5	1.0	26.0	-95.0	0.3300005
0	15143.841	13897.741	169.5	0.0	0.0	0.0	0.8800001
7	15293.426	13423.849	169.5	0.0	0.0	0.0	0.98
22	15455.422	13719.692	169.5	0.0	0.0	-6.0	1.0
17	15637.316	13717.928	169.5	0.0	0.0	0.0	0.9200001
22	15132.573	13726.913	169.5	0.0	0.0	183.0	1.0
14	14951.643	13911.124	169.5	0.0	0.0	90.0	1.0
14	15225.157	14101.621	169.5	0.0	0.0	0.0	1.0
8	15142.808	13613.475	169.5	0.0	0.0	0.0	1.5599995
34	14987.254	13630.267	169.5	0.0	0.0	0.0	1.0
34	15435.352	13503.3955	169.5	0.0	0.0	0.0	1.0
33	15423.568	13789.943	169.5	0.0	0.0	0.0	0.6600003
34	15873.3	13583.276	169.5	0.0	0.0	0.0	1.0
33	15144.386	13781.712	169.5	0.0	0.0	0.0	0.6600003
8	15142.428	13508.578	169.5	0.0	0.0	0.0	1.4599996
9	15127.024	13466.329	169.5	0.0	0.0	0.0	1.2399998
33	15084.228	13539.81	169.5	1.0	0.0	90.0	0.6000004
8	15451.551	13614.228	169.5	0.0	0.0	0.0	1.5599995
8	15446.0205	13508.354	169.5	0.0	0.0	0.0	1.4599996
10	15424.291	13462.576	169.5	0.0	0.0	0.0	1.2399998
7	14966.278	13474.792	169.5	0.0	0.0	0.0	1.1399999
33	15396.626	13503.919	169.5	-2.0	0.0	90.0	0.46000046
33	15401.71	13664.241	169.5	-1.0	0.0	86.0	0.6000004
7	15731.001	13495.883	169.5	0.0	0.0	-360.0	1.0
7	15987.973	13481.861	169.5	0.0	0.0	-368.0	1.0
6	15835.03	13609.448	169.5	0.0	0.0	-92.0	1.1799998
32	14576.594	13957.219	104.50006	-8.0	0.0	0.0	1.0
33	14407.388	13714.834	169.49995	0.0	0.0	7.0	0.8000002
33	14615.132	13740.956	169.49995	0.0	0.0	7.0	0.8000002
35	14651.395	13512.572	185.76988	0.0	0.0	0.0	1.0
35	14805.921	13475.156	142.0299	0.0	0.0	0.0	1.0
32	15444.899	13922.785	118.5002	-8.0	0.0	2.0	1.0
32	15759.928	13934.7705	118.50026	-8.0	0.0	2.0	1.0
17	15935.595	13802.899	142.50005	-80.0	0.0	174.0	0.7800002
35	15849.032	13678.158	228.61966	0.0	0.0	0.0	1.0
35	15799.812	13792.376	156.82059	0.0	0.0	0.0	1.2999997
24	14422.477	13514.544	247.50786	5.0	396.0	-85.0	0.52000046
35	15455.985	14081.213	153.82352	0.0	0.0	0.0	1.5999994
10	15752.99	14073.212	94.068436	-60.0	-15.0	100.0	1.2399998
32	16043.729	5381.5137	169.5	0.0	0.0	181.0	0.93000007
14	16128.592	5559.675	169.5	0.0	0.0	0.0	0.8200002
19	16265.183	5683.7227	169.5	0.0	0.0	0.0	0.8800001
8	16031.715	5514.7627	169.5	0.0	0.0	0.0	1.0
17	16176.787	5732.9414	169.49998	-90.0	0.0	70.0	0.8000002
14	16473.445	5649.092	169.5	0.0	0.0	30.0	0.8200002
34	16432.0	5489.3125	324.5	0.0	0.0	0.0	1.0
34	16149.866	5379.8613	339.50003	0.0	0.0	0.0	1.0
1	16676.26	5631.826	162.5	0.0	0.0	-130.0	0.8800001
21	16730.203	5566.7754	169.5	0.0	0.0	120.0	0.94000006
34	17037.496	5824.7275	484.5	0.0	0.0	0.0	1.0
16	16859.215	6091.412	169.5	0.0	0.0	60.0	0.8200002
34	16645.3	6085.206	169.5	0.0	0.0	0.0	1.0
1	17175.674	6296.9863	169.50003	0.0	0.0	-92.0	0.8800001
22	17155.402	6334.993	169.5	0.0	0.0	-20.0	0.7600002
33	16109.695	5191.648	348.38043	-50.0	0.0	2.0	0.86000013
24	16918.002	6376.8228	189.50009	0.0	0.0	0.0	0.7800002
35	16704.834	5667.519	252.31744	0.0	0.0	30.0	1.2999997
35	16590.812	5665.1455	226.60788	0.0	0.0	30.0	1.2999997
0	17263.287	7402.3	169.5	0.0	0.0	-92.0	0.8800001
0	17252.553	7120.977	169.50012	0.0	0.0	-92.0	0.8800001
0	17244.643	6848.8945	169.5	0.0	0.0	-92.0	0.8800001
16	17076.598	7528.1777	169.5	0.0	0.0	90.0	0.8200002
17	17087.34	7308.671	169.5	0.0	0.0	0.0	0.72000027
21	17250.688	7310.201	169.5	0.0	0.0	0.0	0.8000002
17	17408.088	7319.586	169.5	0.0	0.0	0.0	0.72000027
21	17568.941	7316.1045	169.5	0.0	0.0	0.0	0.8000002
19	16977.396	7770.385	169.5	0.0	0.0	-30.0	1.0
21	17090.418	7143.9717	169.5	0.0	0.0	-90.0	0.8000002
21	17091.047	6885.466	169.5	0.0	0.0	-90.0	0.8000002
21	17249.527	6741.331	169.5	0.0	0.0	0.0	0.8000002
17	17086.12	6743.34	169.5	0.0	0.0	0.0	0.72000027
14	17364.816	6870.416	169.5	-93.0	0.0	88.0	0.6000004
14	17373.414	7150.7793	169.5	-93.0	0.0	88.0	0.6000004
14	17415.594	6893.4346	279.5	-13.0	0.0	88.0	0.6000004
14	17423.787	7143.9697	279.5	-13.0	0.0	88.0	0.6000004
18	17091.09	6656.797	169.5	0.0	0.0	80.0	0.9000001
16	17019.865	6432.2363	169.5	0.0	0.0	250.0	0.8200002
5	17007.23	7305.1284	169.50006	0.0	0.0	-91.0	1.2799997
5	16985.545	6778.4165	169.49997	0.0	0.0	-91.0	1.2799997
5	16819.682	6800.001	169.5	0.0	0.0	-181.0	0.98
5	16842.193	7321.8506	169.5	0.0	0.0	-1.0	0.98
34	16875.203	7002.7783	169.5	0.0	0.0	0.0	1.0
34	16907.031	7261.843	169.5	0.0	0.0	0.0	1.0
33	17069.975	7074.043	239.5	-95.0	0.0	84.0	0.98
33	17100.031	7049.0674	264.5	-95.0	0.0	84.0	0.6800003
21	17455.58	6689.826	169.5	0.0	0.0	-40.0	0.8000002
34	16823.855	7841.6064	169.5	0.0	0.0	0.0	1.0
34	16894.771	6574.8613	169.5	0.0	0.0	0.0	1.0
1	17198.648	7949.033	168.5	0.0	0.0	-60.0	0.8800001
15	16988.402	7953.673	169.5	0.0	0.0	-70.0	0.7900002
17	16742.098	7978.208	169.5	0.0	0.0	0.0	0.9200001
17	16746.164	7973.083	169.5	-94.0	0.0	-47.0	0.5000005
24	16848.145	7989.1045	169.5	-9.0	0.0	110.0	0.64000034
14	17369.463	6914.0547	469.49994	-93.0	0.0	89.0	0.6000004
14	17371.43	7191.201	469.49997	-93.0	0.0	89.0	0.6000004
24	16962.9	6659.599	204.50006	0.0	0.0	30.0	0.7600002
35	16780.73	7960.9624	198.81192	0.0	0.0	0.0	1.3599997
33	17246.746	7320.837	506.91632	-50.0	0.0	2.0	0.6600003
1	16243.587	8928.401	169.5	0.0	0.0	0.0	0.8800001
12	16112.405	8761.254	169.5	0.0	0.0	341.0	1.3999996
17	16290.68	8691.328	169.5	0.0	0.0	0.0	0.9200001
21	16466.066	8585.974	169.5	0.0	0.0	-30.0	1.0
34	16158.66	8632.469	169.5	0.0	0.0	0.0	1.0
34	16473.059	8581.728	169.5	0.0	0.0	0.0	1.0
8	16430.805	8543.966	169.5	0.0	0.0	-31.0	1.0
8	16414.047	8505.01	169.5	0.0	0.0	-31.0	1.0999999
17	16171.423	8555.345	169.5	0.0	0.0	0.0	0.9200001
17	16170.932	8535.528	169.5	-94.0	0.0	-37.0	0.5000005
17	16166.401	8541.083	169.5	-94.0	0.0	-37.0	0.5000005
1	16911.031	8509.214	169.5	0.0	0.0	-34.0	0.8800001
17	16641.45	8490.866	169.5	0.0	0.0	0.0	0.9200001
14	16787.293	8325.416	169.5	0.0	0.0	-50.0	0.7800002
34	16647.277	8281.577	294.5	0.0	0.0	0.0	1.0
17	16517.836	8330.241	169.5	0.0	0.0	0.0	0.9200001
17	16512.754	8309.709	169.5	-94.0	0.0	-27.0	0.5000005
17	16512.754	8309.709	169.5	-94.0	0.0	-27.0	0.5000005
24	16708.043	8231.829	169.5	-9.0	0.0	80.0	0.64000034
24	16805.363	8100.453	169.5	-9.0	0.0	130.0	0.64000034
24	17164.133	8010.323	169.5	-4.0	0.0	100.0	1.06
24	16294.722	8528.279	194.50002	0.0	0.0	0.0	0.96000004
24	16062.188	8632.689	199.85036	0.0	0.0	30.0	0.96000004
24	16574.652	8357.972	197.61174	0.0	0.0	30.0	0.96000004
24	16838.82	8146.2456	252.42319	0.0	0.0	30.0	0.8800001
35	16754.17	8171.792	205.05856	0.0	0.0	40.0	1.3599997
35	16180.731	8503.114	169.50005	0.0	0.0	0.0	1.3399997
32	16043.729	10281.514	169.5	0.0	0.0	181.0	0.93000007
14	16128.592	10459.675	169.5	0.0	0.0	0.0	0.8200002
19	16265.183	10583.723	169.5	0.0	0.0	0.0	0.8800001
8	16031.715	10414.763	169.5	0.0	0.0	0.0	1.0
14	16079.959	10130.056	177.5	-90.0	0.0	0.0	0.74000025
16	16117.503	10134.678	169.5	0.0	0.0	180.0	0.86000013
17	16088.935	10581.761	169.5	0.0	0.0	0.0	0.8000002
14	16473.445	10549.092	169.5	0.0	0.0	30.0	0.8200002
14	16469.957	10174.122	176.5	-90.0	0.0	13.0	0.74000025
34	16432.0	10389.3125	169.5	0.0	0.0	0.0	1.0
34	16101.389	10313.518	169.5	0.0	0.0	0.0	1.0
1	16672.916	10530.745	169.5	0.0	0.0	-130.0	0.8800001
16	16508.77	10167.534	169.5	0.0	0.0	190.0	0.86000013
16	16844.0	10328.958	169.5	0.0	0.0	404.0	0.86000013
21	16730.203	10466.775	169.5	0.0	0.0	120.0	0.94000006
19	16598.594	10474.853	169.5	0.0	0.0	0.0	1.0
34	17037.496	10724.728	169.5	0.0	0.0	0.0	1.0
16	16859.215	10991.412	169.5	0.0	0.0	60.0	0.8200002
19	16745.758	10760.547	169.5	0.0	0.0	10.0	1.0
19	16729.922	10620.573	169.5	0.0	0.0	90.0	0.8200002
24	16568.176	10798.623	229.50003	-18.0	0.0	40.0	0.7800002
16	17100.371	10624.939	169.5	0.0	0.0	593.0	0.86000013
16	17316.64	10962.485	169.5	0.0	0.0	782.0	0.86000013
14	16986.523	10607.375	179.5	-90.0	0.0	57.0	0.74000025
19	16826.365	10524.584	169.5	30.0	0.0	-20.0	0.8200002
14	17178.314	10910.649	175.5	-90.0	0.0	59.0	0.74000025
23	16738.531	10499.097	264.5	0.0	0.0	0.0	0.9000001
36	16740.375	10493.408	309.5	0.0	0.0	0.0	0.8000002
34	16645.3	10985.206	169.5	0.0	0.0	0.0	1.0
35	16915.828	11197.212	214.49995	0.0	0.0	0.0	1.0
35	16404.107	10872.056	109.500015	0.0	0.0	0.0	1.3799996
0	17263.287	12302.3	169.5	0.0	0.0	-92.0	0.8800001
0	17254.996	12025.754	169.5	0.0	0.0	-92.0	0.8800001
0	17244.643	11748.895	169.5	0.0	0.0	-92.0	0.8800001
1	17173.25	11234.301	169.49991	0.0	0.0	-90.0	0.8800001
16	17076.598	12428.178	169.5	0.0	0.0	90.0	0.8200002
17	17087.34	12208.671	169.5	0.0	0.0	0.0	0.72000027
21	17250.688	12210.201	169.5	0.0	0.0	0.0	0.8000002
17	17408.088	12219.586	169.5	0.0	0.0	0.0	0.72000027
21	17568.941	12216.1045	169.5	0.0	0.0	0.0	0.8000002
14	17513.527	12451.47	169.5	0.0	0.0	-87.0	1.0
19	16977.396	12670.385	169.5	0.0	0.0	-30.0	1.0
21	17090.418	12043.972	169.5	0.0	0.0	-90.0	0.8000002
21	17091.047	11785.466	169.5	0.0	0.0	-90.0	0.8000002
21	17249.527	11641.331	169.5	0.0	0.0	0.0	0.8000002
17	17086.12	11643.34	169.5	0.0	0.0	0.0	0.72000027
14	17364.816	11770.416	470.5	-93.0	0.0	88.0	0.6000004
14	17373.414	12050.779	469.5	-93.0	0.0	88.0	0.6000004
14	17415.594	11793.435	279.5	-13.0	0.0	88.0	0.6000004
14	17423.787	12043.97	280.5	-13.0	0.0	88.0	0.6000004
18	17091.09	11556.797	169.5	0.0	0.0	80.0	0.9000001
16	17019.865	11332.236	169.5	0.0	0.0	250.0	0.8200002
13	17265.203	12612.183	169.5	0.0	0.0	5.0	1.3799996
5	16990.111	12189.231	169.49995	0.0	0.0	-91.0	1.2799997
5	16982.682	11651.855	169.50005	0.0	0.0	-91.0	1.2799997
5	16819.682	11700.001	169.5	0.0	0.0	-181.0	0.98
5	16842.193	12221.851	169.5	0.0	0.0	-1.0	0.98
23	17000.58	11642.058	449.49997	0.0	0.0	0.0	1.6599994
23	16998.473	12184.294	429.5	0.0	0.0	0.0	1.6599994
34	16875.203	11902.778	169.5	0.0	0.0	0.0	1.0
34	16907.031	12161.843	169.5	0.0	0.0	0.0	1.0
36	16995.494	11639.105	529.5	0.0	0.0	0.0	1.0
36	16997.584	12183.814	489.5	0.0	0.0	0.0	1.0
33	17069.352	11943.528	249.49992	-95.0	0.0	84.0	0.98
33	17092.422	11950.7	254.50005	-95.0	0.0	84.0	0.6800003
24	16929.297	11443.947	214.50008	-9.0	0.0	80.0	0.64000034
24	16875.754	11210.446	229.5	-18.0	0.0	70.0	0.7800002
22	17155.402	11234.993	169.5	0.0	0.0	-20.0	0.7600002
13	17439.68	11336.758	169.5	0.0	0.0	78.0	1.6799994
21	17455.58	11589.826	169.5	0.0	0.0	-40.0	0.8000002
14	17350.326	11212.743	177.5	-90.0	0.0	62.0	0.74000025
19	17188.39	11544.195	169.5	0.0	0.0	30.0	1.0
34	16823.855	12741.606	169.5	0.0	0.0	0.0	1.0
34	16894.771	11474.861	169.5	0.0	0.0	0.0	1.0
14	17380.355	12448.109	169.5	-90.0	0.0	90.0	0.86000013
23	17128.023	12351.994	284.5	0.0	0.0	0.0	1.02
36	17121.428	12355.132	299.5	0.0	0.0	0.0	0.74000025
35	16300.192	12003.064	119.499985	0.0	0.0	0.0	1.1999998
34	16158.66	13532.469	169.5	0.0	0.0	0.0	1.0
34	16473.059	13481.728	169.5	0.0	0.0	0.0	1.0
1	17198.648	12849.033	169.5	0.0	0.0	-60.0	0.8800001
15	16988.402	12853.673	169.5	0.0	0.0	-70.0	0.7900002
34	16647.277	13181.577	169.5	0.0	0.0	0.0	1.0
14	17244.941	13242.593	169.5	0.0	0.0	-54.0	1.0
14	17442.031	12843.667	169.5	0.0	0.0	-73.0	1.0
19	17024.879	13090.964	169.5	0.0	340.0	30.0	1.0
17	16742.098	12878.208	169.5	0.0	0.0	0.0	0.9200001
17	16746.164	12873.083	169.5	-94.0	0.0	-47.0	0.5000005
24	16708.043	13131.829	169.5	-9.0	0.0	80.0	0.64000034
24	16848.145	12889.1045	169.5	-9.0	0.0	110.0	0.64000034
24	16805.363	13000.453	169.5	-9.0	0.0	130.0	0.64000034
14	17237.238	13215.114	169.5	-90.0	0.0	119.0	0.86000013
14	17400.246	12840.935	169.5	-90.0	0.0	109.0	0.86000013
24	17164.133	12910.323	169.5	-4.0	0.0	100.0	1.06
32	16941.727	13453.044	106.50026	-8.0	0.0	-48.0	1.0
32	16666.504	13714.312	106.50021	-8.0	0.0	-39.0	1.0
32	16156.894	13940.06	106.50021	-8.0	0.0	-9.0	1.0
6	16075.065	13621.136	105.02557	-30.0	0.0	-92.0	1.1799998
35	16085.586	13677.191	207.731	0.0	0.0	0.0	1.0
15	16754.955	13224.996	149.35039	-40.0	0.0	-50.0	0.7100003
34	16468.78	13945.904	141.15533	0.0	0.0	0.0	1.0
17	16285.361	13955.478	-45.52346	0.0	0.0	74.0	0.7800002
19	16854.514	13023.016	191.84908	-70.0	0.0	180.0	1.0
13	16251.52	13474.444	63.854782	0.0	30.0	65.0	1.1599998
35	16349.362	13568.715	163.29518	0.0	0.0	0.0	1.0
35	16342.371	13526.058	154.5923	0.0	0.0	0.0	1.3199997
35	16309.47	13926.979	127.97948	0.0	0.0	0.0	1.4399996
39	21214.379	16321.621	110.49986	0.0	0.0	91.0	0.74000025
39	21198.62	16572.61	110.49985	0.0	0.0	-1.0	0.74000025
