//Wing of Conqueror aaa
6476 32002 7 0 0.20 0.20 0.20 1.1 0.0 0.0
6476 32002 15 0 0.20 0.20 0.20 1.1 0.0 0.0
6476 32002 23 0 0.20 0.20 0.20 1.5 0.0 0.0
6476 32002 24 0 0.20 0.20 0.20 0.8 0.0 0.0
6476 32002 30 0 0.20 0.20 0.20 1.1 0.0 0.0
6476 32002 38 0 0.20 0.20 0.20 1.1 0.0 0.0
6476 32002 46 0 0.20 0.20 0.20 1.5 0.0 0.0
6476 32002 47 0 0.20 0.20 0.20 0.8 0.0 0.0
6476 32002 58 0 0.20 0.20 0.20 0.5 0.0 0.0
6476 32002 51 0 0.20 0.20 0.20 0.5 0.0 0.0
6476 32002 28 0 0.20 0.20 0.20 1.8 0.0 0.0
6476 32002 37 0 0.20 0.20 0.20 1.5 0.0 0.0
6476 32002 42 0 0.20 0.20 0.20 1.5 0.0 0.0
6476 32002 05 0 0.20 0.20 0.20 1.8 0.0 0.0
6476 32002 14 0 0.20 0.20 0.20 1.5 0.0 0.0
6476 32002 19 0 0.20 0.20 0.20 1.5 0.0 0.0
6476 32002 57 0 0.20 0.20 0.20 1.8 0.0 0.0
6476 32002 60 0 0.20 0.20 0.20 1.3 0.0 0.0
6476 32002 61 0 0.20 0.20 0.20 1.5 0.0 0.0
6476 32002 50 0 0.20 0.20 0.20 1.8 0.0 0.0
6476 32002 53 0 0.20 0.20 0.20 1.3 0.0 0.0
6476 32002 54 0 0.20 0.20 0.20 1.5 0.0 0.0
6548           32002           1          0            0.68 		0.59    0.45 	   1.0		0.0	    0.0
6548           32002           2          0            0.68 		0.59    0.45 	   1.0		0.0	    0.0
6548           32002           3          0            0.68 		0.59    0.45 	   1.0		0.0	    0.0
6548           32002           4          0            0.68 		0.59    0.45 	   1.0		0.0	    0.0
6548           32002           5          0            0.68 		0.59    0.45 	   1.0		0.0	    0.0
6548           32002           6          0            0.68 		0.59    0.45 	   1.0		0.0	    0.0
6548           32002           7          0            0.68 		0.59    0.45 	   1.0		0.0	    0.0
6548           32002           8          0            0.68 		0.59    0.45 	   1.0		0.0	    0.0
6548           32002           9          0            0.68 		0.59    0.45 	   1.0		0.0	    0.0
6548           32002           10         0            0.68 		0.59    0.45 	   1.0		0.0	    0.0
6548           32002           11         0            0.68 		0.59    0.45 	   1.0		0.0	    0.0
6548           32002           12         0            0.68 		0.59    0.45 	   1.0		0.0	    0.0
6548           32002           13         0            0.68 		0.59    0.45 	   1.0		0.0	    0.0
6548           32002           14         0            0.68 		0.59    0.45 	   1.0		0.0	    0.0
6548           32002           15         0            0.68 		0.59    0.45 	   1.0		0.0	    0.0
6548           32002           16         0            0.68 		0.59    0.45 	   1.0		0.0	    0.0